Signal Legend:

Key        Signal Name

0        = acq_data_in[0..31]
1        = acq_data_in[32..63]
2        = acq_data_in[64..95]
3        = acq_data_in[96..99]
4        = acq_data_in[100..101]
5        = acq_data_in[102]
6        = acq_data_in[103]
7        = acq_data_in[104]
8        = acq_data_in[105]
9        = acq_data_in[106]
10       = acq_data_in[107]
11       = acq_data_in[108]
12       = acq_data_in[109]
13       = acq_data_in[110]
14       = acq_data_in[111]
15       = acq_data_in[112]
16       = acq_data_in[113]
17       = acq_data_in[114]
18       = acq_data_in[115]
19       = acq_data_in[116]
20       = acq_data_in[117]
21       = acq_data_in[118]
22       = acq_data_in[119]
23       = acq_data_in[120]
24       = acq_data_in[121]
25       = acq_data_in[122]
26       = acq_data_in[123]
27       = acq_data_in[124]
28       = acq_data_in[125]
29       = acq_data_in[126]
30       = acq_data_in[127]
31       = acq_data_in[128]
32       = acq_data_in[129]
33       = acq_data_in[130]
34       = acq_data_in[131]
35       = acq_data_in[132]
36       = acq_data_in[133]
37       = acq_data_in[134]
38       = acq_data_in[135]
39       = acq_data_in[136]
40       = acq_data_in[137]
41       = acq_data_in[138]
42       = acq_data_in[139]
43       = acq_data_in[140]
44       = acq_data_in[141]
45       = acq_data_in[142]
46       = acq_data_in[143]

Data Table:

Signals-> 0         1         2         3  4  5 6 7 8 9 10 11 12 13 14 15 16 17 18 19 20 21 22 23 24 25 26 27 28 29 30 31 32 33 34 35 36 37 38 39 40 41 42 43 44 45 46 

sample

-64       00001160h 0000FFFFh DEADBEEFh 0h 0h 1 0 0 0 1 0  0  0  1  1  1  1  1  1  0  0  0  1  1  1  0  1  1  1  1  0  1  1  0  1  0  0  0  0  0  0  0  1  1  0  0  0  
-63       00001164h 0000FFFFh DEADBEEFh 0h 0h 0 1 0 0 1 0  0  0  1  1  1  1  1  1  1  0  0  1  1  1  1  1  1  1  1  0  0  1  0  1  0  0  0  0  0  0  0  1  1  0  0  0  
-62       00001164h B0BC0000h DEADBEEFh 0h 0h 0 1 0 0 1 0  0  0  1  1  1  1  1  1  1  0  0  1  1  1  1  1  1  1  1  0  1  1  0  1  0  0  0  0  0  0  0  0  1  0  0  0  
-61       00001164h B0BC0000h DEADBEEFh 0h 0h 1 0 0 1 1 0  0  0  1  1  1  1  1  1  0  0  0  1  1  0  0  1  1  1  1  0  0  1  0  1  0  0  0  0  0  0  0  0  1  0  0  0  
-60       00001164h B0BC0000h DEADBEEFh 0h 0h 1 0 0 1 1 0  0  0  1  1  1  1  1  1  0  0  0  1  1  0  0  1  1  1  1  0  1  1  0  1  0  0  0  0  0  0  0  1  1  0  0  0  
-59       00001164h B0BC0000h DEADBEEFh 0h 0h 1 1 1 1 1 0  0  0  1  1  1  1  1  1  0  0  0  1  1  0  1  1  1  1  1  0  0  1  0  1  0  0  0  0  0  0  0  1  1  0  0  0  
-58       00001164h B0BC0000h DEADBEEFh 0h 0h 1 1 1 1 1 0  0  0  1  1  1  1  1  1  0  0  0  1  1  0  1  1  1  1  1  0  1  1  0  1  0  0  0  0  0  0  0  1  1  0  0  0  
-57       00001164h B0BC0000h DEADBEEFh 0h 0h 1 1 1 0 1 0  0  0  1  1  1  1  1  1  0  0  0  1  1  0  1  1  1  1  1  0  0  1  0  1  0  0  0  0  0  0  0  1  1  0  0  0  
-56       00001164h B0BC0000h DEADBEEFh 0h 0h 1 1 1 0 1 0  0  0  1  1  1  1  1  1  0  0  0  1  1  0  1  1  1  1  1  0  1  1  0  1  0  0  0  0  0  0  0  1  1  0  0  0  
-55       00001168h B0BC0000h DEADBEEFh 0h 0h 0 1 0 0 1 0  0  0  1  1  1  1  1  1  1  0  0  1  1  0  1  1  1  1  1  0  0  1  0  1  0  0  0  0  0  0  0  1  1  0  0  0  
-54       00001168h 004066E0h DEADBEEFh 0h 0h 0 1 0 0 1 0  0  0  1  1  1  1  1  1  1  0  0  1  1  0  1  1  1  1  1  0  1  1  0  1  0  0  0  0  0  0  0  0  1  0  0  0  
-53       00001168h 004066E0h DEADBEEFh 0h 0h 1 0 0 0 1 0  0  0  1  1  1  1  1  1  0  0  0  1  1  0  0  1  1  1  1  0  0  1  0  1  0  0  0  0  0  0  0  0  1  0  0  0  
-52       00001168h 004066E0h DEADBEEFh 0h 0h 1 0 0 0 1 0  0  0  1  1  1  1  1  1  0  0  0  1  1  0  0  1  1  1  1  0  1  1  0  1  0  0  0  0  0  0  0  1  1  0  0  0  
-51       0000116Ch 004066E0h DEADBEEFh 0h 0h 0 1 0 0 1 0  0  0  1  1  1  1  1  1  0  0  0  1  1  0  1  1  1  1  1  0  0  1  0  1  0  0  0  0  0  0  0  1  1  0  0  0  
-50       0000116Ch 20790000h DEADBEEFh 0h 0h 0 1 0 0 1 0  0  0  1  1  1  1  1  1  0  0  0  1  1  0  1  1  1  1  1  0  1  1  0  1  0  0  0  0  0  0  0  0  1  0  0  0  
-49       0000116Ch 20790000h DEADBEEFh 0h 0h 1 0 0 1 1 0  0  0  1  1  1  1  1  1  0  0  0  1  1  0  0  1  1  1  1  0  0  1  0  1  0  0  0  0  0  0  0  0  1  0  0  0  
-48       0000116Ch 20790000h DEADBEEFh 0h 0h 1 0 0 1 1 0  0  0  1  1  1  1  1  1  0  0  0  1  1  0  0  1  1  1  1  0  1  1  0  1  0  0  0  0  0  0  0  1  1  0  0  0  
-47       0000116Ch 20790000h DEADBEEFh 0h 0h 1 1 1 1 1 0  0  0  1  1  1  1  1  1  0  0  0  1  1  0  1  1  1  1  1  0  0  1  0  1  0  0  0  0  0  0  0  1  1  0  0  0  
-46       0000116Ch 20790000h DEADBEEFh 0h 0h 1 1 1 1 1 0  0  0  1  1  1  1  1  1  0  0  0  1  1  0  1  1  1  1  1  0  1  1  0  1  0  0  0  0  0  0  0  1  1  0  0  0  
-45       0000116Ch 20790000h DEADBEEFh 0h 0h 1 1 1 0 1 0  0  0  1  1  1  1  1  1  0  0  0  1  1  0  1  1  1  1  1  0  0  1  0  1  0  0  0  0  0  0  0  1  1  0  0  0  
-44       0000116Ch 20790000h DEADBEEFh 0h 0h 1 1 1 0 1 0  0  0  1  1  1  1  1  1  0  0  0  1  1  0  1  1  1  1  1  0  1  1  0  1  0  0  0  0  0  0  0  1  1  0  0  0  
-43       00001170h 20790000h DEADBEEFh 0h 0h 0 1 0 0 1 0  0  0  1  1  1  1  1  1  1  0  0  1  1  0  1  1  1  1  1  0  0  1  0  1  0  0  0  0  0  0  0  1  1  0  0  0  
-42       00001170h 21287000h DEADBEEFh 0h 0h 0 1 0 0 1 0  0  0  1  1  1  1  1  1  1  0  0  1  1  0  1  1  1  1  1  0  1  1  0  1  0  0  0  0  0  0  0  0  1  0  0  0  
-41       00001170h 21287000h DEADBEEFh 0h 0h 1 0 0 0 1 0  0  0  1  1  1  1  1  1  0  0  0  1  1  0  0  1  1  1  1  0  0  1  0  1  0  0  0  0  0  0  0  0  1  0  0  0  
-40       00001170h 21287000h DEADBEEFh 0h 0h 1 0 0 0 1 0  0  0  1  1  1  1  1  1  0  0  0  1  1  0  0  1  1  1  1  0  1  1  0  1  0  0  0  0  0  0  0  1  1  0  0  0  
-39       00001170h 21287000h DEADBEEFh 0h 0h 1 1 1 1 1 0  0  0  1  1  1  1  1  1  0  0  0  1  1  0  1  1  1  1  1  0  0  1  0  1  0  0  0  0  0  0  0  1  1  0  0  0  
-38       00001170h 21287000h DEADBEEFh 0h 0h 1 1 1 1 1 0  0  0  1  1  1  1  1  1  0  0  0  1  1  0  1  1  1  1  1  0  1  1  0  1  0  0  0  0  0  0  0  1  1  0  0  0  
-37       00001170h 21287000h DEADBEEFh 0h 0h 1 1 1 0 1 0  0  0  1  1  1  1  1  1  0  0  0  1  1  0  1  1  1  1  1  0  0  1  0  1  0  0  0  0  0  0  0  1  1  0  0  0  
-36       00001170h 21287000h DEADBEEFh 0h 0h 1 1 1 0 1 0  0  0  1  1  1  1  1  1  0  0  0  1  1  0  1  1  1  1  1  0  1  1  0  1  0  0  0  0  0  0  0  1  1  0  0  0  
-35       00001148h 21287000h DEADBEEFh 0h 0h 0 1 0 0 1 0  0  0  1  1  1  1  1  1  0  0  0  1  1  0  1  1  1  1  1  0  0  1  0  1  0  0  0  0  0  0  0  1  1  0  0  0  
-34       00001148h 4E754E71h DEADBEEFh 0h 0h 0 1 0 0 1 0  0  0  1  1  1  1  1  1  0  0  0  1  1  0  1  1  1  1  1  0  1  1  0  1  0  0  0  0  0  0  0  0  1  0  0  0  
-33       00001148h 4E754E71h DEADBEEFh 0h 0h 1 0 0 0 1 0  0  0  1  1  1  1  1  1  0  0  0  1  1  0  0  1  1  1  1  0  0  1  0  1  0  0  0  0  0  0  0  0  1  0  0  0  
-32       00001148h 4E754E71h DEADBEEFh 0h 0h 1 0 0 0 1 0  0  0  1  1  1  1  1  1  0  0  0  1  1  0  0  1  1  1  1  0  1  1  0  1  0  0  0  0  0  0  0  1  1  0  0  0  
-31       0000114Ch 4E754E71h DEADBEEFh 0h 0h 0 1 0 0 1 0  0  0  1  1  1  1  1  1  1  1  0  1  1  0  1  1  1  1  1  0  0  1  0  1  0  0  0  0  0  0  0  1  1  0  0  0  
-30       0000114Ch 20790000h DEADBEEFh 0h 0h 0 1 0 0 1 0  0  0  1  1  1  1  1  1  1  1  0  1  1  0  1  1  1  1  1  0  1  1  0  1  0  0  0  0  0  0  0  0  1  0  0  0  
-29       0000114Ch 20790000h DEADBEEFh 0h 0h 1 0 0 1 1 0  0  0  1  1  1  1  1  1  0  0  0  1  1  0  0  1  1  1  1  0  0  1  0  1  0  0  0  0  0  0  0  0  1  0  0  0  
-28       0000114Ch 20790000h DEADBEEFh 0h 0h 1 0 0 1 1 0  0  0  1  1  1  1  1  1  0  0  0  1  1  0  0  1  1  1  1  0  1  1  0  1  0  0  0  0  0  0  0  1  1  0  0  0  
-27       0000114Ch 20790000h DEADBEEFh 0h 0h 1 1 1 1 1 0  0  0  1  1  1  1  1  1  0  0  0  1  1  0  1  1  1  1  1  0  0  1  0  1  0  0  0  0  0  0  0  1  1  0  0  0  
-26       0000114Ch 20790000h DEADBEEFh 0h 0h 1 1 1 1 1 0  0  0  1  1  1  1  1  1  0  0  0  1  1  0  1  1  1  1  1  0  1  1  0  1  0  0  0  0  0  0  0  1  1  0  0  0  
-25       0000114Ch 20790000h DEADBEEFh 0h 0h 1 1 1 0 1 0  0  0  1  1  1  1  1  1  0  0  0  1  1  0  1  1  1  1  1  0  0  1  0  1  0  0  0  0  0  0  0  1  1  0  0  0  
-24       0000114Ch 20790000h DEADBEEFh 0h 0h 1 1 1 0 1 0  0  0  1  1  1  1  1  1  0  0  0  1  1  0  1  1  1  1  1  0  1  1  0  1  0  0  0  0  0  0  0  1  1  0  0  0  
-23       00001150h 20790000h DEADBEEFh 0h 0h 0 1 0 0 1 0  0  0  1  1  1  1  1  1  0  0  0  1  1  0  1  1  1  1  1  0  0  1  0  1  0  0  0  0  0  0  0  1  1  0  0  0  
-22       00001150h 21287000h DEADBEEFh 0h 0h 0 1 0 0 1 0  0  0  1  1  1  1  1  1  0  0  0  1  1  0  1  1  1  1  1  0  1  1  0  1  0  0  0  0  0  0  0  0  1  0  0  0  
-21       00001150h 21287000h DEADBEEFh 0h 0h 1 0 0 0 1 0  0  0  1  1  1  1  1  1  0  0  0  1  1  0  0  1  1  1  1  0  0  1  0  1  0  0  0  0  0  0  0  0  1  0  0  0  
-20       00001150h 21287000h DEADBEEFh 0h 0h 1 0 0 0 1 0  0  0  1  1  1  1  1  1  0  0  0  1  1  0  0  1  1  1  1  0  1  1  0  1  0  0  0  0  0  0  0  1  1  0  0  0  
-19       00001154h 21287000h DEADBEEFh 0h 0h 0 1 0 0 1 0  0  0  1  1  1  1  1  1  0  0  0  1  1  0  1  1  1  1  1  0  0  1  0  1  0  0  0  0  0  0  0  1  1  0  0  0  
-18       00001154h 1010C03Ch DEADBEEFh 0h 0h 0 1 0 0 1 0  0  0  1  1  1  1  1  1  0  0  0  1  1  0  1  1  1  1  1  0  1  1  0  1  0  0  0  0  0  0  0  0  1  0  0  0  
-17       00001154h 1010C03Ch DEADBEEFh 0h 0h 1 0 0 1 1 0  0  0  1  1  1  1  1  1  0  0  0  1  1  0  0  1  1  1  1  0  0  1  0  1  0  0  0  0  0  0  0  0  1  0  0  0  
-16       00001154h 1010C03Ch DEADBEEFh 0h 0h 1 0 0 1 1 0  0  0  1  1  1  1  1  1  0  0  0  1  1  0  0  1  1  1  1  0  1  1  0  1  0  0  0  0  0  0  0  1  1  0  0  0  
-15       00001154h 1010C03Ch DEADBEEFh 0h 0h 1 1 1 1 1 0  0  0  1  1  1  1  1  1  0  0  0  1  1  0  1  1  1  1  1  0  0  1  0  1  0  0  0  0  0  0  0  1  1  0  0  0  
-14       00001154h 1010C03Ch DEADBEEFh 0h 0h 1 1 1 1 1 0  0  0  1  1  1  1  1  1  0  0  0  1  1  0  1  1  1  1  1  0  1  1  0  1  0  0  0  0  0  0  0  1  1  0  0  0  
-13       00001154h 1010C03Ch DEADBEEFh 0h 0h 1 1 1 0 1 0  0  0  1  1  1  1  1  1  0  0  0  1  1  0  1  1  1  1  1  0  0  1  0  1  0  0  0  0  0  0  0  1  1  0  0  0  
-12       00001154h 1010C03Ch DEADBEEFh 0h 0h 1 1 1 0 1 0  0  0  1  1  1  1  1  1  0  0  0  1  1  0  1  1  1  1  1  0  1  1  0  1  0  0  0  0  0  0  0  1  1  0  0  0  
-11       00002128h 1010C03Ch DEADBEEFh 0h 0h 0 1 0 0 1 0  0  1  0  1  1  1  1  1  0  0  0  1  1  0  1  1  1  1  1  0  0  1  0  1  0  0  0  0  0  0  0  1  1  0  0  0  
-10       00002128h FEC0040Eh DEADBEEFh 0h 0h 0 1 0 0 1 0  0  1  0  1  1  1  1  1  0  0  0  1  1  0  1  1  1  1  1  0  1  1  0  1  0  0  0  0  0  0  0  0  1  0  0  0  
-9        00002128h FEC0040Eh DEADBEEFh 0h 0h 1 0 0 0 1 0  0  1  0  1  1  1  1  1  0  0  0  1  1  0  0  1  1  1  1  0  0  1  0  1  0  0  0  0  0  0  0  0  1  0  0  0  
-8        00002128h FEC0040Eh DEADBEEFh 0h 0h 1 0 0 0 1 0  0  1  0  1  1  1  1  1  0  0  0  1  1  0  0  1  1  1  1  0  1  1  0  1  0  0  0  0  0  0  0  1  1  0  0  0  
-7        00001158h FEC0040Eh DEADBEEFh 0h 0h 0 1 0 0 1 0  0  0  1  1  1  1  1  1  0  0  0  1  1  0  1  1  1  1  1  0  0  1  0  1  0  0  0  0  0  0  0  1  1  0  0  0  
-6        00001158h 0040C07Ch DEADBEEFh 0h 0h 0 1 0 0 1 0  0  0  1  1  1  1  1  1  0  0  0  1  1  0  1  1  1  1  1  0  1  1  0  1  0  0  0  0  0  0  0  0  1  0  0  0  
-5        00001158h 0040C07Ch DEADBEEFh 0h 0h 1 0 0 0 1 0  0  0  1  1  1  1  1  1  1  0  0  1  1  0  0  1  1  1  1  0  0  1  0  1  0  0  0  0  0  0  0  0  1  0  0  0  
-4        00001158h 0040C07Ch DEADBEEFh 0h 0h 1 0 0 0 1 0  0  0  1  1  1  1  1  1  1  0  0  1  1  0  0  1  1  1  1  0  1  1  0  1  0  0  0  0  0  0  0  1  1  0  0  0  
-3        FEC0040Eh 0000C07Ch 00000000h Dh 1h 0 1 0 0 1 0  0  1  0  1  1  1  1  1  1  0  0  1  1  0  1  1  1  1  1  1  0  1  0  1  1  1  1  1  0  1  1  1  1  0  0  0  
-2        FEC0040Eh 00000000h 00000000h Dh 1h 0 1 0 0 1 0  0  1  0  1  1  1  1  1  1  0  0  1  1  0  1  1  1  1  1  1  1  1  0  1  1  1  1  1  0  1  1  0  1  0  0  0  
-1        FEC0040Eh 00000000h 00000000h Dh 1h 1 0 0 0 1 0  0  1  0  1  1  1  1  1  0  0  0  1  1  1  0  1  1  0  1  1  0  1  0  1  1  1  1  1  0  1  1  0  1  0  0  0  
0         FEC0040Eh 00000000h 00000000h Dh 1h 1 0 0 0 1 0  0  1  0  1  1  1  1  1  0  0  0  1  1  1  0  1  1  0  1  1  1  1  0  1  1  1  1  1  0  1  1  1  1  0  0  0  
1         0000115Ch 00040404h DEADBEEFh 0h 0h 0 1 0 0 1 0  0  0  1  1  1  1  1  1  0  0  0  1  1  1  1  1  1  1  1  0  0  1  0  1  0  0  0  0  0  0  0  1  1  0  0  0  
2         0000115Ch 00FFC0BCh DEADBEEFh 0h 0h 0 1 0 0 1 0  0  0  1  1  1  1  1  1  0  0  0  1  1  1  1  1  1  1  1  0  1  1  0  1  0  0  0  0  0  0  0  0  1  0  0  0  
3         0000115Ch 00FFC0BCh DEADBEEFh 0h 0h 1 0 0 1 1 0  0  0  1  1  1  1  1  1  1  0  0  1  1  1  0  1  1  1  1  0  0  1  0  1  0  0  0  0  0  0  0  0  1  0  0  0  
4         0000115Ch 00FFC0BCh DEADBEEFh 0h 0h 1 0 0 1 1 0  0  0  1  1  1  1  1  1  1  0  0  1  1  1  0  1  1  1  1  0  1  1  0  1  0  0  0  0  0  0  0  1  1  0  0  0  
5         0000115Ch 00FFC0BCh DEADBEEFh 0h 0h 1 1 1 1 1 0  0  0  1  1  1  1  1  1  1  0  0  1  1  1  1  1  1  1  1  0  0  1  0  1  0  0  0  0  0  0  0  1  1  0  0  0  
6         0000115Ch 00FFC0BCh DEADBEEFh 0h 0h 1 1 1 1 1 0  0  0  1  1  1  1  1  1  1  0  0  1  1  1  1  1  1  1  1  0  1  1  0  1  0  0  0  0  0  0  0  1  1  0  0  0  
7         0000115Ch 00FFC0BCh DEADBEEFh 0h 0h 1 1 1 0 1 0  0  0  1  1  1  1  1  1  0  0  0  1  1  1  1  1  1  1  1  0  0  1  0  1  0  0  0  0  0  0  0  1  1  0  0  0  
8         0000115Ch 00FFC0BCh DEADBEEFh 0h 0h 1 1 1 0 1 0  0  0  1  1  1  1  1  1  0  0  0  1  1  1  1  1  1  1  1  0  1  1  0  1  0  0  0  0  0  0  0  1  1  0  0  0  
9         00001160h 00FFC0BCh DEADBEEFh 0h 0h 0 1 0 0 1 0  0  0  1  1  1  1  1  1  0  0  0  1  1  1  1  1  1  1  1  0  0  1  0  1  0  0  0  0  0  0  0  1  1  0  0  0  
10        00001160h 0000FFFFh DEADBEEFh 0h 0h 0 1 0 0 1 0  0  0  1  1  1  1  1  1  0  0  0  1  1  1  1  1  1  1  1  0  1  1  0  1  0  0  0  0  0  0  0  0  1  0  0  0  
11        00001160h 0000FFFFh DEADBEEFh 0h 0h 1 0 0 0 1 0  0  0  1  1  1  1  1  1  0  0  0  1  1  1  0  1  1  1  1  0  0  1  0  1  0  0  0  0  0  0  0  0  1  0  0  0  
12        00001160h 0000FFFFh DEADBEEFh 0h 0h 1 0 0 0 1 0  0  0  1  1  1  1  1  1  0  0  0  1  1  1  0  1  1  1  1  0  1  1  0  1  0  0  0  0  0  0  0  1  1  0  0  0  
13        00001164h 0000FFFFh DEADBEEFh 0h 0h 0 1 0 0 1 0  0  0  1  1  1  1  1  1  1  0  0  1  1  1  1  1  1  1  1  0  0  1  0  1  0  0  0  0  0  0  0  1  1  0  0  0  
14        00001164h B0BC0000h DEADBEEFh 0h 0h 0 1 0 0 1 0  0  0  1  1  1  1  1  1  1  0  0  1  1  1  1  1  1  1  1  0  1  1  0  1  0  0  0  0  0  0  0  0  1  0  0  0  
15        00001164h B0BC0000h DEADBEEFh 0h 0h 1 0 0 1 1 0  0  0  1  1  1  1  1  1  0  0  0  1  1  0  0  1  1  1  1  0  0  1  0  1  0  0  0  0  0  0  0  0  1  0  0  0  
16        00001164h B0BC0000h DEADBEEFh 0h 0h 1 0 0 1 1 0  0  0  1  1  1  1  1  1  0  0  0  1  1  0  0  1  1  1  1  0  1  1  0  1  0  0  0  0  0  0  0  1  1  0  0  0  
17        00001164h B0BC0000h DEADBEEFh 0h 0h 1 1 1 1 1 0  0  0  1  1  1  1  1  1  0  0  0  1  1  0  1  1  1  1  1  0  0  1  0  1  0  0  0  0  0  0  0  1  1  0  0  0  
18        00001164h B0BC0000h DEADBEEFh 0h 0h 1 1 1 1 1 0  0  0  1  1  1  1  1  1  0  0  0  1  1  0  1  1  1  1  1  0  1  1  0  1  0  0  0  0  0  0  0  1  1  0  0  0  
19        00001164h B0BC0000h DEADBEEFh 0h 0h 1 1 1 0 1 0  0  0  1  1  1  1  1  1  0  0  0  1  1  0  1  1  1  1  1  0  0  1  0  1  0  0  0  0  0  0  0  1  1  0  0  0  
20        00001164h B0BC0000h DEADBEEFh 0h 0h 1 1 1 0 1 0  0  0  1  1  1  1  1  1  0  0  0  1  1  0  1  1  1  1  1  0  1  1  0  1  0  0  0  0  0  0  0  1  1  0  0  0  
21        00001168h B0BC0000h DEADBEEFh 0h 0h 0 1 0 0 1 0  0  0  1  1  1  1  1  1  1  0  0  1  1  0  1  1  1  1  1  0  0  1  0  1  0  0  0  0  0  0  0  1  1  0  0  0  
22        00001168h 004066E0h DEADBEEFh 0h 0h 0 1 0 0 1 0  0  0  1  1  1  1  1  1  1  0  0  1  1  0  1  1  1  1  1  0  1  1  0  1  0  0  0  0  0  0  0  0  1  0  0  0  
23        00001168h 004066E0h DEADBEEFh 0h 0h 1 0 0 0 1 0  0  0  1  1  1  1  1  1  0  0  0  1  1  0  0  1  1  1  1  0  0  1  0  1  0  0  0  0  0  0  0  0  1  0  0  0  
24        00001168h 004066E0h DEADBEEFh 0h 0h 1 0 0 0 1 0  0  0  1  1  1  1  1  1  0  0  0  1  1  0  0  1  1  1  1  0  1  1  0  1  0  0  0  0  0  0  0  1  1  0  0  0  
25        0000116Ch 004066E0h DEADBEEFh 0h 0h 0 1 0 0 1 0  0  0  1  1  1  1  1  1  0  0  0  1  1  0  1  1  1  1  1  0  0  1  0  1  0  0  0  0  0  0  0  1  1  0  0  0  
26        0000116Ch 20790000h DEADBEEFh 0h 0h 0 1 0 0 1 0  0  0  1  1  1  1  1  1  0  0  0  1  1  0  1  1  1  1  1  0  1  1  0  1  0  0  0  0  0  0  0  0  1  0  0  0  
27        0000116Ch 20790000h DEADBEEFh 0h 0h 1 0 0 1 1 0  0  0  1  1  1  1  1  1  0  0  0  1  1  0  0  1  1  1  1  0  0  1  0  1  0  0  0  0  0  0  0  0  1  0  0  0  
28        0000116Ch 20790000h DEADBEEFh 0h 0h 1 0 0 1 1 0  0  0  1  1  1  1  1  1  0  0  0  1  1  0  0  1  1  1  1  0  1  1  0  1  0  0  0  0  0  0  0  1  1  0  0  0  
29        0000116Ch 20790000h DEADBEEFh 0h 0h 1 1 1 1 1 0  0  0  1  1  1  1  1  1  0  0  0  1  1  0  1  1  1  1  1  0  0  1  0  1  0  0  0  0  0  0  0  1  1  0  0  0  
30        0000116Ch 20790000h DEADBEEFh 0h 0h 1 1 1 1 1 0  0  0  1  1  1  1  1  1  0  0  0  1  1  0  1  1  1  1  1  0  1  1  0  1  0  0  0  0  0  0  0  1  1  0  0  0  
31        0000116Ch 20790000h DEADBEEFh 0h 0h 1 1 1 0 1 0  0  0  1  1  1  1  1  1  0  0  0  1  1  0  1  1  1  1  1  0  0  1  0  1  0  0  0  0  0  0  0  1  1  0  0  0  
32        0000116Ch 20790000h DEADBEEFh 0h 0h 1 1 1 0 1 0  0  0  1  1  1  1  1  1  0  0  0  1  1  0  1  1  1  1  1  0  1  1  0  1  0  0  0  0  0  0  0  1  1  0  0  0  
33        00001170h 20790000h DEADBEEFh 0h 0h 0 1 0 0 1 0  0  0  1  1  1  1  1  1  1  0  0  1  1  0  1  1  1  1  1  0  0  1  0  1  0  0  0  0  0  0  0  1  1  0  0  0  
34        00001170h 21287000h DEADBEEFh 0h 0h 0 1 0 0 1 0  0  0  1  1  1  1  1  1  1  0  0  1  1  0  1  1  1  1  1  0  1  1  0  1  0  0  0  0  0  0  0  0  1  0  0  0  
35        00001170h 21287000h DEADBEEFh 0h 0h 1 0 0 0 1 0  0  0  1  1  1  1  1  1  0  0  0  1  1  0  0  1  1  1  1  0  0  1  0  1  0  0  0  0  0  0  0  0  1  0  0  0  
36        00001170h 21287000h DEADBEEFh 0h 0h 1 0 0 0 1 0  0  0  1  1  1  1  1  1  0  0  0  1  1  0  0  1  1  1  1  0  1  1  0  1  0  0  0  0  0  0  0  1  1  0  0  0  
37        00001170h 21287000h DEADBEEFh 0h 0h 1 1 1 1 1 0  0  0  1  1  1  1  1  1  0  0  0  1  1  0  1  1  1  1  1  0  0  1  0  1  0  0  0  0  0  0  0  1  1  0  0  0  
38        00001170h 21287000h DEADBEEFh 0h 0h 1 1 1 1 1 0  0  0  1  1  1  1  1  1  0  0  0  1  1  0  1  1  1  1  1  0  1  1  0  1  0  0  0  0  0  0  0  1  1  0  0  0  
39        00001170h 21287000h DEADBEEFh 0h 0h 1 1 1 0 1 0  0  0  1  1  1  1  1  1  0  0  0  1  1  0  1  1  1  1  1  0  0  1  0  1  0  0  0  0  0  0  0  1  1  0  0  0  
40        00001170h 21287000h DEADBEEFh 0h 0h 1 1 1 0 1 0  0  0  1  1  1  1  1  1  0  0  0  1  1  0  1  1  1  1  1  0  1  1  0  1  0  0  0  0  0  0  0  1  1  0  0  0  
41        00001148h 21287000h DEADBEEFh 0h 0h 0 1 0 0 1 0  0  0  1  1  1  1  1  1  0  0  0  1  1  0  1  1  1  1  1  0  0  1  0  1  0  0  0  0  0  0  0  1  1  0  0  0  
42        00001148h 4E754E71h DEADBEEFh 0h 0h 0 1 0 0 1 0  0  0  1  1  1  1  1  1  0  0  0  1  1  0  1  1  1  1  1  0  1  1  0  1  0  0  0  0  0  0  0  0  1  0  0  0  
43        00001148h 4E754E71h DEADBEEFh 0h 0h 1 0 0 0 1 0  0  0  1  1  1  1  1  1  0  0  0  1  1  0  0  1  1  1  1  0  0  1  0  1  0  0  0  0  0  0  0  0  1  0  0  0  
44        00001148h 4E754E71h DEADBEEFh 0h 0h 1 0 0 0 1 0  0  0  1  1  1  1  1  1  0  0  0  1  1  0  0  1  1  1  1  0  1  1  0  1  0  0  0  0  0  0  0  1  1  0  0  0  
45        0000114Ch 4E754E71h DEADBEEFh 0h 0h 0 1 0 0 1 0  0  0  1  1  1  1  1  1  1  1  0  1  1  0  1  1  1  1  1  0  0  1  0  1  0  0  0  0  0  0  0  1  1  0  0  0  
46        0000114Ch 20790000h DEADBEEFh 0h 0h 0 1 0 0 1 0  0  0  1  1  1  1  1  1  1  1  0  1  1  0  1  1  1  1  1  0  1  1  0  1  0  0  0  0  0  0  0  0  1  0  0  0  
47        0000114Ch 20790000h DEADBEEFh 0h 0h 1 0 0 1 1 0  0  0  1  1  1  1  1  1  0  0  0  1  1  0  0  1  1  1  1  0  0  1  0  1  0  0  0  0  0  0  0  0  1  0  0  0  
48        0000114Ch 20790000h DEADBEEFh 0h 0h 1 0 0 1 1 0  0  0  1  1  1  1  1  1  0  0  0  1  1  0  0  1  1  1  1  0  1  1  0  1  0  0  0  0  0  0  0  1  1  0  0  0  
49        0000114Ch 20790000h DEADBEEFh 0h 0h 1 1 1 1 1 0  0  0  1  1  1  1  1  1  0  0  0  1  1  0  1  1  1  1  1  0  0  1  0  1  0  0  0  0  0  0  0  1  1  0  0  0  
50        0000114Ch 20790000h DEADBEEFh 0h 0h 1 1 1 1 1 0  0  0  1  1  1  1  1  1  0  0  0  1  1  0  1  1  1  1  1  0  1  1  0  1  0  0  0  0  0  0  0  1  1  0  0  0  
51        0000114Ch 20790000h DEADBEEFh 0h 0h 1 1 1 0 1 0  0  0  1  1  1  1  1  1  0  0  0  1  1  0  1  1  1  1  1  0  0  1  0  1  0  0  0  0  0  0  0  1  1  0  0  0  
52        0000114Ch 20790000h DEADBEEFh 0h 0h 1 1 1 0 1 0  0  0  1  1  1  1  1  1  0  0  0  1  1  0  1  1  1  1  1  0  1  1  0  1  0  0  0  0  0  0  0  1  1  0  0  0  
53        00001150h 20790000h DEADBEEFh 0h 0h 0 1 0 0 1 0  0  0  1  1  1  1  1  1  0  0  0  1  1  0  1  1  1  1  1  0  0  1  0  1  0  0  0  0  0  0  0  1  1  0  0  0  
54        00001150h 21287000h DEADBEEFh 0h 0h 0 1 0 0 1 0  0  0  1  1  1  1  1  1  0  0  0  1  1  0  1  1  1  1  1  0  1  1  0  1  0  0  0  0  0  0  0  0  1  0  0  0  
55        00001150h 21287000h DEADBEEFh 0h 0h 1 0 0 0 1 0  0  0  1  1  1  1  1  1  0  0  0  1  1  0  0  1  1  1  1  0  0  1  0  1  0  0  0  0  0  0  0  0  1  0  0  0  
56        00001150h 21287000h DEADBEEFh 0h 0h 1 0 0 0 1 0  0  0  1  1  1  1  1  1  0  0  0  1  1  0  0  1  1  1  1  0  1  1  0  1  0  0  0  0  0  0  0  1  1  0  0  0  
57        00001154h 21287000h DEADBEEFh 0h 0h 0 1 0 0 1 0  0  0  1  1  1  1  1  1  0  0  0  1  1  0  1  1  1  1  1  0  0  1  0  1  0  0  0  0  0  0  0  1  1  0  0  0  
58        00001154h 1010C03Ch DEADBEEFh 0h 0h 0 1 0 0 1 0  0  0  1  1  1  1  1  1  0  0  0  1  1  0  1  1  1  1  1  0  1  1  0  1  0  0  0  0  0  0  0  0  1  0  0  0  
59        00001154h 1010C03Ch DEADBEEFh 0h 0h 1 0 0 1 1 0  0  0  1  1  1  1  1  1  0  0  0  1  1  0  0  1  1  1  1  0  0  1  0  1  0  0  0  0  0  0  0  0  1  0  0  0  
60        00001154h 1010C03Ch DEADBEEFh 0h 0h 1 0 0 1 1 0  0  0  1  1  1  1  1  1  0  0  0  1  1  0  0  1  1  1  1  0  1  1  0  1  0  0  0  0  0  0  0  1  1  0  0  0  
61        00001154h 1010C03Ch DEADBEEFh 0h 0h 1 1 1 1 1 0  0  0  1  1  1  1  1  1  0  0  0  1  1  0  1  1  1  1  1  0  0  1  0  1  0  0  0  0  0  0  0  1  1  0  0  0  
62        00001154h 1010C03Ch DEADBEEFh 0h 0h 1 1 1 1 1 0  0  0  1  1  1  1  1  1  0  0  0  1  1  0  1  1  1  1  1  0  1  1  0  1  0  0  0  0  0  0  0  1  1  0  0  0  
63        00001154h 1010C03Ch DEADBEEFh 0h 0h 1 1 1 0 1 0  0  0  1  1  1  1  1  1  0  0  0  1  1  0  1  1  1  1  1  0  0  1  0  1  0  0  0  0  0  0  0  1  1  0  0  0  
64        00001154h 1010C03Ch DEADBEEFh 0h 0h 1 1 1 0 1 0  0  0  1  1  1  1  1  1  0  0  0  1  1  0  1  1  1  1  1  0  1  1  0  1  0  0  0  0  0  0  0  1  1  0  0  0  
65        00002128h 1010C03Ch DEADBEEFh 0h 0h 0 1 0 0 1 0  0  1  0  1  1  1  1  1  0  0  0  1  1  0  1  1  1  1  1  0  0  1  0  1  0  0  0  0  0  0  0  1  1  0  0  0  
66        00002128h FEC0040Eh DEADBEEFh 0h 0h 0 1 0 0 1 0  0  1  0  1  1  1  1  1  0  0  0  1  1  0  1  1  1  1  1  0  1  1  0  1  0  0  0  0  0  0  0  0  1  0  0  0  
67        00002128h FEC0040Eh DEADBEEFh 0h 0h 1 0 0 0 1 0  0  1  0  1  1  1  1  1  0  0  0  1  1  0  0  1  1  1  1  0  0  1  0  1  0  0  0  0  0  0  0  0  1  0  0  0  
68        00002128h FEC0040Eh DEADBEEFh 0h 0h 1 0 0 0 1 0  0  1  0  1  1  1  1  1  0  0  0  1  1  0  0  1  1  1  1  0  1  1  0  1  0  0  0  0  0  0  0  1  1  0  0  0  
69        00001158h FEC0040Eh DEADBEEFh 0h 0h 0 1 0 0 1 0  0  0  1  1  1  1  1  1  0  0  0  1  1  0  1  1  1  1  1  0  0  1  0  1  0  0  0  0  0  0  0  1  1  0  0  0  
70        00001158h 0040C07Ch DEADBEEFh 0h 0h 0 1 0 0 1 0  0  0  1  1  1  1  1  1  0  0  0  1  1  0  1  1  1  1  1  0  1  1  0  1  0  0  0  0  0  0  0  0  1  0  0  0  
71        00001158h 0040C07Ch DEADBEEFh 0h 0h 1 0 0 0 1 0  0  0  1  1  1  1  1  1  1  0  0  1  1  0  0  1  1  1  1  0  0  1  0  1  0  0  0  0  0  0  0  0  1  0  0  0  
72        00001158h 0040C07Ch DEADBEEFh 0h 0h 1 0 0 0 1 0  0  0  1  1  1  1  1  1  1  0  0  1  1  0  0  1  1  1  1  0  1  1  0  1  0  0  0  0  0  0  0  1  1  0  0  0  
73        FEC0040Eh 0000C07Ch 00000000h Dh 1h 0 1 0 0 1 0  0  1  0  1  1  1  1  1  1  0  0  1  1  0  1  1  1  1  1  1  0  1  0  1  1  1  1  1  0  1  1  1  1  0  0  0  
74        FEC0040Eh 00000000h 00000000h Dh 1h 0 1 0 0 1 0  0  1  0  1  1  1  1  1  1  0  0  1  1  0  1  1  1  1  1  1  1  1  0  1  1  1  1  1  0  1  1  0  1  0  0  0  
75        FEC0040Eh 00000000h 00000000h Dh 1h 1 0 0 0 1 0  0  1  0  1  1  1  1  1  0  0  0  1  1  1  0  1  1  0  1  1  0  1  0  1  1  1  1  1  0  1  1  0  1  0  0  0  
76        FEC0040Eh 00000000h 00000000h Dh 1h 1 0 0 0 1 0  0  1  0  1  1  1  1  1  0  0  0  1  1  1  0  1  1  0  1  1  1  1  0  1  1  1  1  1  0  1  1  1  1  0  0  0  
77        0000115Ch 00040004h DEADBEEFh 0h 0h 0 1 0 0 1 0  0  0  1  1  1  1  1  1  0  0  0  1  1  1  1  1  1  1  1  0  0  1  0  1  0  0  0  0  0  0  0  1  1  0  0  0  
78        0000115Ch 00FFC0BCh DEADBEEFh 0h 0h 0 1 0 0 1 0  0  0  1  1  1  1  1  1  0  0  0  1  1  1  1  1  1  1  1  0  1  1  0  1  0  0  0  0  0  0  0  0  1  0  0  0  
79        0000115Ch 00FFC0BCh DEADBEEFh 0h 0h 1 0 0 1 1 0  0  0  1  1  1  1  1  1  1  0  0  1  1  1  0  1  1  1  1  0  0  1  0  1  0  0  0  0  0  0  0  0  1  0  0  0  
80        0000115Ch 00FFC0BCh DEADBEEFh 0h 0h 1 0 0 1 1 0  0  0  1  1  1  1  1  1  1  0  0  1  1  1  0  1  1  1  1  0  1  1  0  1  0  0  0  0  0  0  0  1  1  0  0  0  
81        0000115Ch 00FFC0BCh DEADBEEFh 0h 0h 1 1 1 1 1 0  0  0  1  1  1  1  1  1  1  0  0  1  1  1  1  1  1  1  1  0  0  1  0  1  0  0  0  0  0  0  0  1  1  0  0  0  
82        0000115Ch 00FFC0BCh DEADBEEFh 0h 0h 1 1 1 1 1 0  0  0  1  1  1  1  1  1  1  0  0  1  1  1  1  1  1  1  1  0  1  1  0  1  0  0  0  0  0  0  0  1  1  0  0  0  
83        0000115Ch 00FFC0BCh DEADBEEFh 0h 0h 1 1 1 0 1 0  0  0  1  1  1  1  1  1  0  0  0  1  1  1  1  1  1  1  1  0  0  1  0  1  0  0  0  0  0  0  0  1  1  0  0  0  
84        0000115Ch 00FFC0BCh DEADBEEFh 0h 0h 1 1 1 0 1 0  0  0  1  1  1  1  1  1  0  0  0  1  1  1  1  1  1  1  1  0  1  1  0  1  0  0  0  0  0  0  0  1  1  0  0  0  
85        00001160h 00FFC0BCh DEADBEEFh 0h 0h 0 1 0 0 1 0  0  0  1  1  1  1  1  1  0  0  0  1  1  1  1  1  1  1  1  0  0  1  0  1  0  0  0  0  0  0  0  1  1  0  0  0  
86        00001160h 0000FFFFh DEADBEEFh 0h 0h 0 1 0 0 1 0  0  0  1  1  1  1  1  1  0  0  0  1  1  1  1  1  1  1  1  0  1  1  0  1  0  0  0  0  0  0  0  0  1  0  0  0  
87        00001160h 0000FFFFh DEADBEEFh 0h 0h 1 0 0 0 1 0  0  0  1  1  1  1  1  1  0  0  0  1  1  1  0  1  1  1  1  0  0  1  0  1  0  0  0  0  0  0  0  0  1  0  0  0  
88        00001160h 0000FFFFh DEADBEEFh 0h 0h 1 0 0 0 1 0  0  0  1  1  1  1  1  1  0  0  0  1  1  1  0  1  1  1  1  0  1  1  0  1  0  0  0  0  0  0  0  1  1  0  0  0  
89        00001164h 0000FFFFh DEADBEEFh 0h 0h 0 1 0 0 1 0  0  0  1  1  1  1  1  1  1  0  0  1  1  1  1  1  1  1  1  0  0  1  0  1  0  0  0  0  0  0  0  1  1  0  0  0  
90        00001164h B0BC0000h DEADBEEFh 0h 0h 0 1 0 0 1 0  0  0  1  1  1  1  1  1  1  0  0  1  1  1  1  1  1  1  1  0  1  1  0  1  0  0  0  0  0  0  0  0  1  0  0  0  
91        00001164h B0BC0000h DEADBEEFh 0h 0h 1 0 0 1 1 0  0  0  1  1  1  1  1  1  0  0  0  1  1  0  0  1  1  1  1  0  0  1  0  1  0  0  0  0  0  0  0  0  1  0  0  0  
92        00001164h B0BC0000h DEADBEEFh 0h 0h 1 0 0 1 1 0  0  0  1  1  1  1  1  1  0  0  0  1  1  0  0  1  1  1  1  0  1  1  0  1  0  0  0  0  0  0  0  1  1  0  0  0  
93        00001164h B0BC0000h DEADBEEFh 0h 0h 1 1 1 1 1 0  0  0  1  1  1  1  1  1  0  0  0  1  1  0  1  1  1  1  1  0  0  1  0  1  0  0  0  0  0  0  0  1  1  0  0  0  
94        00001164h B0BC0000h DEADBEEFh 0h 0h 1 1 1 1 1 0  0  0  1  1  1  1  1  1  0  0  0  1  1  0  1  1  1  1  1  0  1  1  0  1  0  0  0  0  0  0  0  1  1  0  0  0  
95        00001164h B0BC0000h DEADBEEFh 0h 0h 1 1 1 0 1 0  0  0  1  1  1  1  1  1  0  0  0  1  1  0  1  1  1  1  1  0  0  1  0  1  0  0  0  0  0  0  0  1  1  0  0  0  
96        00001164h B0BC0000h DEADBEEFh 0h 0h 1 1 1 0 1 0  0  0  1  1  1  1  1  1  0  0  0  1  1  0  1  1  1  1  1  0  1  1  0  1  0  0  0  0  0  0  0  1  1  0  0  0  
97        00001168h B0BC0000h DEADBEEFh 0h 0h 0 1 0 0 1 0  0  0  1  1  1  1  1  1  1  0  0  1  1  0  1  1  1  1  1  0  0  1  0  1  0  0  0  0  0  0  0  1  1  0  0  0  
98        00001168h 004066E0h DEADBEEFh 0h 0h 0 1 0 0 1 0  0  0  1  1  1  1  1  1  1  0  0  1  1  0  1  1  1  1  1  0  1  1  0  1  0  0  0  0  0  0  0  0  1  0  0  0  
99        00001168h 004066E0h DEADBEEFh 0h 0h 1 0 0 0 1 0  0  0  1  1  1  1  1  1  0  0  0  1  1  0  0  1  1  1  1  0  0  1  0  1  0  0  0  0  0  0  0  0  1  0  0  0  
100       00001168h 004066E0h DEADBEEFh 0h 0h 1 0 0 0 1 0  0  0  1  1  1  1  1  1  0  0  0  1  1  0  0  1  1  1  1  0  1  1  0  1  0  0  0  0  0  0  0  1  1  0  0  0  
101       0000116Ch 004066E0h DEADBEEFh 0h 0h 0 1 0 0 1 0  0  0  1  1  1  1  1  1  0  0  0  1  1  0  1  1  1  1  1  0  0  1  0  1  0  0  0  0  0  0  0  1  1  0  0  0  
102       0000116Ch 20790000h DEADBEEFh 0h 0h 0 1 0 0 1 0  0  0  1  1  1  1  1  1  0  0  0  1  1  0  1  1  1  1  1  0  1  1  0  1  0  0  0  0  0  0  0  0  1  0  0  0  
103       0000116Ch 20790000h DEADBEEFh 0h 0h 1 0 0 1 1 0  0  0  1  1  1  1  1  1  0  0  0  1  1  0  0  1  1  1  1  0  0  1  0  1  0  0  0  0  0  0  0  0  1  0  0  0  
104       0000116Ch 20790000h DEADBEEFh 0h 0h 1 0 0 1 1 0  0  0  1  1  1  1  1  1  0  0  0  1  1  0  0  1  1  1  1  0  1  1  0  1  0  0  0  0  0  0  0  1  1  0  0  0  
105       0000116Ch 20790000h DEADBEEFh 0h 0h 1 1 1 1 1 0  0  0  1  1  1  1  1  1  0  0  0  1  1  0  1  1  1  1  1  0  0  1  0  1  0  0  0  0  0  0  0  1  1  0  0  0  
106       0000116Ch 20790000h DEADBEEFh 0h 0h 1 1 1 1 1 0  0  0  1  1  1  1  1  1  0  0  0  1  1  0  1  1  1  1  1  0  1  1  0  1  0  0  0  0  0  0  0  1  1  0  0  0  
107       0000116Ch 20790000h DEADBEEFh 0h 0h 1 1 1 0 1 0  0  0  1  1  1  1  1  1  0  0  0  1  1  0  1  1  1  1  1  0  0  1  0  1  0  0  0  0  0  0  0  1  1  0  0  0  
108       0000116Ch 20790000h DEADBEEFh 0h 0h 1 1 1 0 1 0  0  0  1  1  1  1  1  1  0  0  0  1  1  0  1  1  1  1  1  0  1  1  0  1  0  0  0  0  0  0  0  1  1  0  0  0  
109       00001170h 20790000h DEADBEEFh 0h 0h 0 1 0 0 1 0  0  0  1  1  1  1  1  1  1  0  0  1  1  0  1  1  1  1  1  0  0  1  0  1  0  0  0  0  0  0  0  1  1  0  0  0  
110       00001170h 21287000h DEADBEEFh 0h 0h 0 1 0 0 1 0  0  0  1  1  1  1  1  1  1  0  0  1  1  0  1  1  1  1  1  0  1  1  0  1  0  0  0  0  0  0  0  0  1  0  0  0  
111       00001170h 21287000h DEADBEEFh 0h 0h 1 0 0 0 1 0  0  0  1  1  1  1  1  1  0  0  0  1  1  0  0  1  1  1  1  0  0  1  0  1  0  0  0  0  0  0  0  0  1  0  0  0  
112       00001170h 21287000h DEADBEEFh 0h 0h 1 0 0 0 1 0  0  0  1  1  1  1  1  1  0  0  0  1  1  0  0  1  1  1  1  0  1  1  0  1  0  0  0  0  0  0  0  1  1  0  0  0  
113       00001170h 21287000h DEADBEEFh 0h 0h 1 1 1 1 1 0  0  0  1  1  1  1  1  1  0  0  0  1  1  0  1  1  1  1  1  0  0  1  0  1  0  0  0  0  0  0  0  1  1  0  0  0  
114       00001170h 21287000h DEADBEEFh 0h 0h 1 1 1 1 1 0  0  0  1  1  1  1  1  1  0  0  0  1  1  0  1  1  1  1  1  0  1  1  0  1  0  0  0  0  0  0  0  1  1  0  0  0  
115       00001170h 21287000h DEADBEEFh 0h 0h 1 1 1 0 1 0  0  0  1  1  1  1  1  1  0  0  0  1  1  0  1  1  1  1  1  0  0  1  0  1  0  0  0  0  0  0  0  1  1  0  0  0  
116       00001170h 21287000h DEADBEEFh 0h 0h 1 1 1 0 1 0  0  0  1  1  1  1  1  1  0  0  0  1  1  0  1  1  1  1  1  0  1  1  0  1  0  0  0  0  0  0  0  1  1  0  0  0  
117       00001148h 21287000h DEADBEEFh 0h 0h 0 1 0 0 1 0  0  0  1  1  1  1  1  1  0  0  0  1  1  0  1  1  1  1  1  0  0  1  0  1  0  0  0  0  0  0  0  1  1  0  0  0  
118       00001148h 4E754E71h DEADBEEFh 0h 0h 0 1 0 0 1 0  0  0  1  1  1  1  1  1  0  0  0  1  1  0  1  1  1  1  1  0  1  1  0  1  0  0  0  0  0  0  0  0  1  0  0  0  
119       00001148h 4E754E71h DEADBEEFh 0h 0h 1 0 0 0 1 0  0  0  1  1  1  1  1  1  0  0  0  1  1  0  0  1  1  1  1  0  0  1  0  1  0  0  0  0  0  0  0  0  1  0  0  0  
120       00001148h 4E754E71h DEADBEEFh 0h 0h 1 0 0 0 1 0  0  0  1  1  1  1  1  1  0  0  0  1  1  0  0  1  1  1  1  0  1  1  0  1  0  0  0  0  0  0  0  1  1  0  0  0  
121       0000114Ch 4E754E71h DEADBEEFh 0h 0h 0 1 0 0 1 0  0  0  1  1  1  1  1  1  1  1  0  1  1  0  1  1  1  1  1  0  0  1  0  1  0  0  0  0  0  0  0  1  1  0  0  0  
122       0000114Ch 20790000h DEADBEEFh 0h 0h 0 1 0 0 1 0  0  0  1  1  1  1  1  1  1  1  0  1  1  0  1  1  1  1  1  0  1  1  0  1  0  0  0  0  0  0  0  0  1  0  0  0  
123       0000114Ch 20790000h DEADBEEFh 0h 0h 1 0 0 1 1 0  0  0  1  1  1  1  1  1  0  0  0  1  1  0  0  1  1  1  1  0  0  1  0  1  0  0  0  0  0  0  0  0  1  0  0  0  
124       0000114Ch 20790000h DEADBEEFh 0h 0h 1 0 0 1 1 0  0  0  1  1  1  1  1  1  0  0  0  1  1  0  0  1  1  1  1  0  1  1  0  1  0  0  0  0  0  0  0  1  1  0  0  0  
125       0000114Ch 20790000h DEADBEEFh 0h 0h 1 1 1 1 1 0  0  0  1  1  1  1  1  1  0  0  0  1  1  0  1  1  1  1  1  0  0  1  0  1  0  0  0  0  0  0  0  1  1  0  0  0  
126       0000114Ch 20790000h DEADBEEFh 0h 0h 1 1 1 1 1 0  0  0  1  1  1  1  1  1  0  0  0  1  1  0  1  1  1  1  1  0  1  1  0  1  0  0  0  0  0  0  0  1  1  0  0  0  
127       0000114Ch 20790000h DEADBEEFh 0h 0h 1 1 1 0 1 0  0  0  1  1  1  1  1  1  0  0  0  1  1  0  1  1  1  1  1  0  0  1  0  1  0  0  0  0  0  0  0  1  1  0  0  0  
128       0000114Ch 20790000h DEADBEEFh 0h 0h 1 1 1 0 1 0  0  0  1  1  1  1  1  1  0  0  0  1  1  0  1  1  1  1  1  0  1  1  0  1  0  0  0  0  0  0  0  1  1  0  0  0  
129       00001150h 20790000h DEADBEEFh 0h 0h 0 1 0 0 1 0  0  0  1  1  1  1  1  1  0  0  0  1  1  0  1  1  1  1  1  0  0  1  0  1  0  0  0  0  0  0  0  1  1  0  0  0  
130       00001150h 21287000h DEADBEEFh 0h 0h 0 1 0 0 1 0  0  0  1  1  1  1  1  1  0  0  0  1  1  0  1  1  1  1  1  0  1  1  0  1  0  0  0  0  0  0  0  0  1  0  0  0  
131       00001150h 21287000h DEADBEEFh 0h 0h 1 0 0 0 1 0  0  0  1  1  1  1  1  1  0  0  0  1  1  0  0  1  1  1  1  0  0  1  0  1  0  0  0  0  0  0  0  0  1  0  0  0  
132       00001150h 21287000h DEADBEEFh 0h 0h 1 0 0 0 1 0  0  0  1  1  1  1  1  1  0  0  0  1  1  0  0  1  1  1  1  0  1  1  0  1  0  0  0  0  0  0  0  1  1  0  0  0  
133       00001154h 21287000h DEADBEEFh 0h 0h 0 1 0 0 1 0  0  0  1  1  1  1  1  1  0  0  0  1  1  0  1  1  1  1  1  0  0  1  0  1  0  0  0  0  0  0  0  1  1  0  0  0  
134       00001154h 1010C03Ch DEADBEEFh 0h 0h 0 1 0 0 1 0  0  0  1  1  1  1  1  1  0  0  0  1  1  0  1  1  1  1  1  0  1  1  0  1  0  0  0  0  0  0  0  0  1  0  0  0  
135       00001154h 1010C03Ch DEADBEEFh 0h 0h 1 0 0 1 1 0  0  0  1  1  1  1  1  1  0  0  0  1  1  0  0  1  1  1  1  0  0  1  0  1  0  0  0  0  0  0  0  0  1  0  0  0  
136       00001154h 1010C03Ch DEADBEEFh 0h 0h 1 0 0 1 1 0  0  0  1  1  1  1  1  1  0  0  0  1  1  0  0  1  1  1  1  0  1  1  0  1  0  0  0  0  0  0  0  1  1  0  0  0  
137       00001154h 1010C03Ch DEADBEEFh 0h 0h 1 1 1 1 1 0  0  0  1  1  1  1  1  1  0  0  0  1  1  0  1  1  1  1  1  0  0  1  0  1  0  0  0  0  0  0  0  1  1  0  0  0  
138       00001154h 1010C03Ch DEADBEEFh 0h 0h 1 1 1 1 1 0  0  0  1  1  1  1  1  1  0  0  0  1  1  0  1  1  1  1  1  0  1  1  0  1  0  0  0  0  0  0  0  1  1  0  0  0  
139       00001154h 1010C03Ch DEADBEEFh 0h 0h 1 1 1 0 1 0  0  0  1  1  1  1  1  1  0  0  0  1  1  0  1  1  1  1  1  0  0  1  0  1  0  0  0  0  0  0  0  1  1  0  0  0  
140       00001154h 1010C03Ch DEADBEEFh 0h 0h 1 1 1 0 1 0  0  0  1  1  1  1  1  1  0  0  0  1  1  0  1  1  1  1  1  0  1  1  0  1  0  0  0  0  0  0  0  1  1  0  0  0  
141       00002128h 1010C03Ch DEADBEEFh 0h 0h 0 1 0 0 1 0  0  1  0  1  1  1  1  1  0  0  0  1  1  0  1  1  1  1  1  0  0  1  0  1  0  0  0  0  0  0  0  1  1  0  0  0  
142       00002128h FEC0040Eh DEADBEEFh 0h 0h 0 1 0 0 1 0  0  1  0  1  1  1  1  1  0  0  0  1  1  0  1  1  1  1  1  0  1  1  0  1  0  0  0  0  0  0  0  0  1  0  0  0  
143       00002128h FEC0040Eh DEADBEEFh 0h 0h 1 0 0 0 1 0  0  1  0  1  1  1  1  1  0  0  0  1  1  0  0  1  1  1  1  0  0  1  0  1  0  0  0  0  0  0  0  0  1  0  0  0  
144       00002128h FEC0040Eh DEADBEEFh 0h 0h 1 0 0 0 1 0  0  1  0  1  1  1  1  1  0  0  0  1  1  0  0  1  1  1  1  0  1  1  0  1  0  0  0  0  0  0  0  1  1  0  0  0  
145       00001158h FEC0040Eh DEADBEEFh 0h 0h 0 1 0 0 1 0  0  0  1  1  1  1  1  1  0  0  0  1  1  0  1  1  1  1  1  0  0  1  0  1  0  0  0  0  0  0  0  1  1  0  0  0  
146       00001158h 0040C07Ch DEADBEEFh 0h 0h 0 1 0 0 1 0  0  0  1  1  1  1  1  1  0  0  0  1  1  0  1  1  1  1  1  0  1  1  0  1  0  0  0  0  0  0  0  0  1  0  0  0  
147       00001158h 0040C07Ch DEADBEEFh 0h 0h 1 0 0 0 1 0  0  0  1  1  1  1  1  1  1  0  0  1  1  0  0  1  1  1  1  0  0  1  0  1  0  0  0  0  0  0  0  0  1  0  0  0  
148       00001158h 0040C07Ch DEADBEEFh 0h 0h 1 0 0 0 1 0  0  0  1  1  1  1  1  1  1  0  0  1  1  0  0  1  1  1  1  0  1  1  0  1  0  0  0  0  0  0  0  1  1  0  0  0  
149       FEC0040Eh 0000C07Ch 00000000h Dh 1h 0 1 0 0 1 0  0  1  0  1  1  1  1  1  1  0  0  1  1  0  1  1  1  1  1  1  0  1  0  1  1  1  1  1  0  1  1  1  1  0  0  0  
150       FEC0040Eh 00000000h 00000000h Dh 1h 0 1 0 0 1 0  0  1  0  1  1  1  1  1  1  0  0  1  1  0  1  1  1  1  1  1  1  1  0  1  1  1  1  1  0  1  1  0  1  0  0  0  
151       FEC0040Eh 00000000h 00000000h Dh 1h 1 0 0 0 1 0  0  1  0  1  1  1  1  1  0  0  0  1  1  1  0  1  1  0  1  1  0  1  0  1  1  1  1  1  0  1  1  0  1  0  0  0  
152       FEC0040Eh 00000000h 00000000h Dh 1h 1 0 0 0 1 0  0  1  0  1  1  1  1  1  0  0  0  1  1  1  0  1  1  0  1  1  1  1  0  1  1  1  1  1  0  1  1  1  1  0  0  0  
153       0000115Ch 00040004h DEADBEEFh 0h 0h 0 1 0 0 1 0  0  0  1  1  1  1  1  1  0  0  0  1  1  1  1  1  1  1  1  0  0  1  0  1  0  0  0  0  0  0  0  1  1  0  0  0  
154       0000115Ch 00FFC0BCh DEADBEEFh 0h 0h 0 1 0 0 1 0  0  0  1  1  1  1  1  1  0  0  0  1  1  1  1  1  1  1  1  0  1  1  0  1  0  0  0  0  0  0  0  0  1  0  0  0  
155       0000115Ch 00FFC0BCh DEADBEEFh 0h 0h 1 0 0 1 1 0  0  0  1  1  1  1  1  1  1  0  0  1  1  1  0  1  1  1  1  0  0  1  0  1  0  0  0  0  0  0  0  0  1  0  0  0  
156       0000115Ch 00FFC0BCh DEADBEEFh 0h 0h 1 0 0 1 1 0  0  0  1  1  1  1  1  1  1  0  0  1  1  1  0  1  1  1  1  0  1  1  0  1  0  0  0  0  0  0  0  1  1  0  0  0  
157       0000115Ch 00FFC0BCh DEADBEEFh 0h 0h 1 1 1 1 1 0  0  0  1  1  1  1  1  1  1  0  0  1  1  1  1  1  1  1  1  0  0  1  0  1  0  0  0  0  0  0  0  1  1  0  0  0  
158       0000115Ch 00FFC0BCh DEADBEEFh 0h 0h 1 1 1 1 1 0  0  0  1  1  1  1  1  1  1  0  0  1  1  1  1  1  1  1  1  0  1  1  0  1  0  0  0  0  0  0  0  1  1  0  0  0  
159       0000115Ch 00FFC0BCh DEADBEEFh 0h 0h 1 1 1 0 1 0  0  0  1  1  1  1  1  1  0  0  0  1  1  1  1  1  1  1  1  0  0  1  0  1  0  0  0  0  0  0  0  1  1  0  0  0  
160       0000115Ch 00FFC0BCh DEADBEEFh 0h 0h 1 1 1 0 1 0  0  0  1  1  1  1  1  1  0  0  0  1  1  1  1  1  1  1  1  0  1  1  0  1  0  0  0  0  0  0  0  1  1  0  0  0  
161       00001160h 00FFC0BCh DEADBEEFh 0h 0h 0 1 0 0 1 0  0  0  1  1  1  1  1  1  0  0  0  1  1  1  1  1  1  1  1  0  0  1  0  1  0  0  0  0  0  0  0  1  1  0  0  0  
162       00001160h 0000FFFFh DEADBEEFh 0h 0h 0 1 0 0 1 0  0  0  1  1  1  1  1  1  0  0  0  1  1  1  1  1  1  1  1  0  1  1  0  1  0  0  0  0  0  0  0  0  1  0  0  0  
163       00001160h 0000FFFFh DEADBEEFh 0h 0h 1 0 0 0 1 0  0  0  1  1  1  1  1  1  0  0  0  1  1  1  0  1  1  1  1  0  0  1  0  1  0  0  0  0  0  0  0  0  1  0  0  0  
164       00001160h 0000FFFFh DEADBEEFh 0h 0h 1 0 0 0 1 0  0  0  1  1  1  1  1  1  0  0  0  1  1  1  0  1  1  1  1  0  1  1  0  1  0  0  0  0  0  0  0  1  1  0  0  0  
165       00001164h 0000FFFFh DEADBEEFh 0h 0h 0 1 0 0 1 0  0  0  1  1  1  1  1  1  1  0  0  1  1  1  1  1  1  1  1  0  0  1  0  1  0  0  0  0  0  0  0  1  1  0  0  0  
166       00001164h B0BC0000h DEADBEEFh 0h 0h 0 1 0 0 1 0  0  0  1  1  1  1  1  1  1  0  0  1  1  1  1  1  1  1  1  0  1  1  0  1  0  0  0  0  0  0  0  0  1  0  0  0  
167       00001164h B0BC0000h DEADBEEFh 0h 0h 1 0 0 1 1 0  0  0  1  1  1  1  1  1  0  0  0  1  1  0  0  1  1  1  1  0  0  1  0  1  0  0  0  0  0  0  0  0  1  0  0  0  
168       00001164h B0BC0000h DEADBEEFh 0h 0h 1 0 0 1 1 0  0  0  1  1  1  1  1  1  0  0  0  1  1  0  0  1  1  1  1  0  1  1  0  1  0  0  0  0  0  0  0  1  1  0  0  0  
169       00001164h B0BC0000h DEADBEEFh 0h 0h 1 1 1 1 1 0  0  0  1  1  1  1  1  1  0  0  0  1  1  0  1  1  1  1  1  0  0  1  0  1  0  0  0  0  0  0  0  1  1  0  0  0  
170       00001164h B0BC0000h DEADBEEFh 0h 0h 1 1 1 1 1 0  0  0  1  1  1  1  1  1  0  0  0  1  1  0  1  1  1  1  1  0  1  1  0  1  0  0  0  0  0  0  0  1  1  0  0  0  
171       00001164h B0BC0000h DEADBEEFh 0h 0h 1 1 1 0 1 0  0  0  1  1  1  1  1  1  0  0  0  1  1  0  1  1  1  1  1  0  0  1  0  1  0  0  0  0  0  0  0  1  1  0  0  0  
172       00001164h B0BC0000h DEADBEEFh 0h 0h 1 1 1 0 1 0  0  0  1  1  1  1  1  1  0  0  0  1  1  0  1  1  1  1  1  0  1  1  0  1  0  0  0  0  0  0  0  1  1  0  0  0  
173       00001168h B0BC0000h DEADBEEFh 0h 0h 0 1 0 0 1 0  0  0  1  1  1  1  1  1  1  0  0  1  1  0  1  1  1  1  1  0  0  1  0  1  0  0  0  0  0  0  0  1  1  0  0  0  
174       00001168h 004066E0h DEADBEEFh 0h 0h 0 1 0 0 1 0  0  0  1  1  1  1  1  1  1  0  0  1  1  0  1  1  1  1  1  0  1  1  0  1  0  0  0  0  0  0  0  0  1  0  0  0  
175       00001168h 004066E0h DEADBEEFh 0h 0h 1 0 0 0 1 0  0  0  1  1  1  1  1  1  0  0  0  1  1  0  0  1  1  1  1  0  0  1  0  1  0  0  0  0  0  0  0  0  1  0  0  0  
176       00001168h 004066E0h DEADBEEFh 0h 0h 1 0 0 0 1 0  0  0  1  1  1  1  1  1  0  0  0  1  1  0  0  1  1  1  1  0  1  1  0  1  0  0  0  0  0  0  0  1  1  0  0  0  
177       0000116Ch 004066E0h DEADBEEFh 0h 0h 0 1 0 0 1 0  0  0  1  1  1  1  1  1  0  0  0  1  1  0  1  1  1  1  1  0  0  1  0  1  0  0  0  0  0  0  0  1  1  0  0  0  
178       0000116Ch 20790000h DEADBEEFh 0h 0h 0 1 0 0 1 0  0  0  1  1  1  1  1  1  0  0  0  1  1  0  1  1  1  1  1  0  1  1  0  1  0  0  0  0  0  0  0  0  1  0  0  0  
179       0000116Ch 20790000h DEADBEEFh 0h 0h 1 0 0 1 1 0  0  0  1  1  1  1  1  1  0  0  0  1  1  0  0  1  1  1  1  0  0  1  0  1  0  0  0  0  0  0  0  0  1  0  0  0  
180       0000116Ch 20790000h DEADBEEFh 0h 0h 1 0 0 1 1 0  0  0  1  1  1  1  1  1  0  0  0  1  1  0  0  1  1  1  1  0  1  1  0  1  0  0  0  0  0  0  0  1  1  0  0  0  
181       0000116Ch 20790000h DEADBEEFh 0h 0h 1 1 1 1 1 0  0  0  1  1  1  1  1  1  0  0  0  1  1  0  1  1  1  1  1  0  0  1  0  1  0  0  0  0  0  0  0  1  1  0  0  0  
182       0000116Ch 20790000h DEADBEEFh 0h 0h 1 1 1 1 1 0  0  0  1  1  1  1  1  1  0  0  0  1  1  0  1  1  1  1  1  0  1  1  0  1  0  0  0  0  0  0  0  1  1  0  0  0  
183       0000116Ch 20790000h DEADBEEFh 0h 0h 1 1 1 0 1 0  0  0  1  1  1  1  1  1  0  0  0  1  1  0  1  1  1  1  1  0  0  1  0  1  0  0  0  0  0  0  0  1  1  0  0  0  
184       0000116Ch 20790000h DEADBEEFh 0h 0h 1 1 1 0 1 0  0  0  1  1  1  1  1  1  0  0  0  1  1  0  1  1  1  1  1  0  1  1  0  1  0  0  0  0  0  0  0  1  1  0  0  0  
185       00001170h 20790000h DEADBEEFh 0h 0h 0 1 0 0 1 0  0  0  1  1  1  1  1  1  1  0  0  1  1  0  1  1  1  1  1  0  0  1  0  1  0  0  0  0  0  0  0  1  1  0  0  0  
186       00001170h 21287000h DEADBEEFh 0h 0h 0 1 0 0 1 0  0  0  1  1  1  1  1  1  1  0  0  1  1  0  1  1  1  1  1  0  1  1  0  1  0  0  0  0  0  0  0  0  1  0  0  0  
187       00001170h 21287000h DEADBEEFh 0h 0h 1 0 0 0 1 0  0  0  1  1  1  1  1  1  0  0  0  1  1  0  0  1  1  1  1  0  0  1  0  1  0  0  0  0  0  0  0  0  1  0  0  0  
188       00001170h 21287000h DEADBEEFh 0h 0h 1 0 0 0 1 0  0  0  1  1  1  1  1  1  0  0  0  1  1  0  0  1  1  1  1  0  1  1  0  1  0  0  0  0  0  0  0  1  1  0  0  0  
189       00001170h 21287000h DEADBEEFh 0h 0h 1 1 1 1 1 0  0  0  1  1  1  1  1  1  0  0  0  1  1  0  1  1  1  1  1  0  0  1  0  1  0  0  0  0  0  0  0  1  1  0  0  0  
190       00001170h 21287000h DEADBEEFh 0h 0h 1 1 1 1 1 0  0  0  1  1  1  1  1  1  0  0  0  1  1  0  1  1  1  1  1  0  1  1  0  1  0  0  0  0  0  0  0  1  1  0  0  0  
191       00001170h 21287000h DEADBEEFh 0h 0h 1 1 1 0 1 0  0  0  1  1  1  1  1  1  0  0  0  1  1  0  1  1  1  1  1  0  0  1  0  1  0  0  0  0  0  0  0  1  1  0  0  0  
192       00001170h 21287000h DEADBEEFh 0h 0h 1 1 1 0 1 0  0  0  1  1  1  1  1  1  0  0  0  1  1  0  1  1  1  1  1  0  1  1  0  1  0  0  0  0  0  0  0  1  1  0  0  0  
193       00001148h 21287000h DEADBEEFh 0h 0h 0 1 0 0 1 0  0  0  1  1  1  1  1  1  0  0  0  1  1  0  1  1  1  1  1  0  0  1  0  1  0  0  0  0  0  0  0  1  1  0  0  0  
194       00001148h 4E754E71h DEADBEEFh 0h 0h 0 1 0 0 1 0  0  0  1  1  1  1  1  1  0  0  0  1  1  0  1  1  1  1  1  0  1  1  0  1  0  0  0  0  0  0  0  0  1  0  0  0  
195       00001148h 4E754E71h DEADBEEFh 0h 0h 1 0 0 0 1 0  0  0  1  1  1  1  1  1  0  0  0  1  1  0  0  1  1  1  1  0  0  1  0  1  0  0  0  0  0  0  0  0  1  0  0  0  
196       00001148h 4E754E71h DEADBEEFh 0h 0h 1 0 0 0 1 0  0  0  1  1  1  1  1  1  0  0  0  1  1  0  0  1  1  1  1  0  1  1  0  1  0  0  0  0  0  0  0  1  1  0  0  0  
197       0000114Ch 4E754E71h DEADBEEFh 0h 0h 0 1 0 0 1 0  0  0  1  1  1  1  1  1  1  1  0  1  1  0  1  1  1  1  1  0  0  1  0  1  0  0  0  0  0  0  0  1  1  0  0  0  
198       0000114Ch 20790000h DEADBEEFh 0h 0h 0 1 0 0 1 0  0  0  1  1  1  1  1  1  1  1  0  1  1  0  1  1  1  1  1  0  1  1  0  1  0  0  0  0  0  0  0  0  1  0  0  0  
199       0000114Ch 20790000h DEADBEEFh 0h 0h 1 0 0 1 1 0  0  0  1  1  1  1  1  1  0  0  0  1  1  0  0  1  1  1  1  0  0  1  0  1  0  0  0  0  0  0  0  0  1  0  0  0  
200       0000114Ch 20790000h DEADBEEFh 0h 0h 1 0 0 1 1 0  0  0  1  1  1  1  1  1  0  0  0  1  1  0  0  1  1  1  1  0  1  1  0  1  0  0  0  0  0  0  0  1  1  0  0  0  
201       0000114Ch 20790000h DEADBEEFh 0h 0h 1 1 1 1 1 0  0  0  1  1  1  1  1  1  0  0  0  1  1  0  1  1  1  1  1  0  0  1  0  1  0  0  0  0  0  0  0  1  1  0  0  0  
202       0000114Ch 20790000h DEADBEEFh 0h 0h 1 1 1 1 1 0  0  0  1  1  1  1  1  1  0  0  0  1  1  0  1  1  1  1  1  0  1  1  0  1  0  0  0  0  0  0  0  1  1  0  0  0  
203       0000114Ch 20790000h DEADBEEFh 0h 0h 1 1 1 0 1 0  0  0  1  1  1  1  1  1  0  0  0  1  1  0  1  1  1  1  1  0  0  1  0  1  0  0  0  0  0  0  0  1  1  0  0  0  
204       0000114Ch 20790000h DEADBEEFh 0h 0h 1 1 1 0 1 0  0  0  1  1  1  1  1  1  0  0  0  1  1  0  1  1  1  1  1  0  1  1  0  1  0  0  0  0  0  0  0  1  1  0  0  0  
205       00001150h 20790000h DEADBEEFh 0h 0h 0 1 0 0 1 0  0  0  1  1  1  1  1  1  0  0  0  1  1  0  1  1  1  1  1  0  0  1  0  1  0  0  0  0  0  0  0  1  1  0  0  0  
206       00001150h 21287000h DEADBEEFh 0h 0h 0 1 0 0 1 0  0  0  1  1  1  1  1  1  0  0  0  1  1  0  1  1  1  1  1  0  1  1  0  1  0  0  0  0  0  0  0  0  1  0  0  0  
207       00001150h 21287000h DEADBEEFh 0h 0h 1 0 0 0 1 0  0  0  1  1  1  1  1  1  0  0  0  1  1  0  0  1  1  1  1  0  0  1  0  1  0  0  0  0  0  0  0  0  1  0  0  0  
208       00001150h 21287000h DEADBEEFh 0h 0h 1 0 0 0 1 0  0  0  1  1  1  1  1  1  0  0  0  1  1  0  0  1  1  1  1  0  1  1  0  1  0  0  0  0  0  0  0  1  1  0  0  0  
209       00001154h 21287000h DEADBEEFh 0h 0h 0 1 0 0 1 0  0  0  1  1  1  1  1  1  0  0  0  1  1  0  1  1  1  1  1  0  0  1  0  1  0  0  0  0  0  0  0  1  1  0  0  0  
210       00001154h 1010C03Ch DEADBEEFh 0h 0h 0 1 0 0 1 0  0  0  1  1  1  1  1  1  0  0  0  1  1  0  1  1  1  1  1  0  1  1  0  1  0  0  0  0  0  0  0  0  1  0  0  0  
211       00001154h 1010C03Ch DEADBEEFh 0h 0h 1 0 0 1 1 0  0  0  1  1  1  1  1  1  0  0  0  1  1  0  0  1  1  1  1  0  0  1  0  1  0  0  0  0  0  0  0  0  1  0  0  0  
212       00001154h 1010C03Ch DEADBEEFh 0h 0h 1 0 0 1 1 0  0  0  1  1  1  1  1  1  0  0  0  1  1  0  0  1  1  1  1  0  1  1  0  1  0  0  0  0  0  0  0  1  1  0  0  0  
213       00001154h 1010C03Ch DEADBEEFh 0h 0h 1 1 1 1 1 0  0  0  1  1  1  1  1  1  0  0  0  1  1  0  1  1  1  1  1  0  0  1  0  1  0  0  0  0  0  0  0  1  1  0  0  0  
214       00001154h 1010C03Ch DEADBEEFh 0h 0h 1 1 1 1 1 0  0  0  1  1  1  1  1  1  0  0  0  1  1  0  1  1  1  1  1  0  1  1  0  1  0  0  0  0  0  0  0  1  1  0  0  0  
215       00001154h 1010C03Ch DEADBEEFh 0h 0h 1 1 1 0 1 0  0  0  1  1  1  1  1  1  0  0  0  1  1  0  1  1  1  1  1  0  0  1  0  1  0  0  0  0  0  0  0  1  1  0  0  0  
216       00001154h 1010C03Ch DEADBEEFh 0h 0h 1 1 1 0 1 0  0  0  1  1  1  1  1  1  0  0  0  1  1  0  1  1  1  1  1  0  1  1  0  1  0  0  0  0  0  0  0  1  1  0  0  0  
217       00002128h 1010C03Ch DEADBEEFh 0h 0h 0 1 0 0 1 0  0  1  0  1  1  1  1  1  0  0  0  1  1  0  1  1  1  1  1  0  0  1  0  1  0  0  0  0  0  0  0  1  1  0  0  0  
218       00002128h FEC0040Eh DEADBEEFh 0h 0h 0 1 0 0 1 0  0  1  0  1  1  1  1  1  0  0  0  1  1  0  1  1  1  1  1  0  1  1  0  1  0  0  0  0  0  0  0  0  1  0  0  0  
219       00002128h FEC0040Eh DEADBEEFh 0h 0h 1 0 0 0 1 0  0  1  0  1  1  1  1  1  0  0  0  1  1  0  0  1  1  1  1  0  0  1  0  1  0  0  0  0  0  0  0  0  1  0  0  0  
220       00002128h FEC0040Eh DEADBEEFh 0h 0h 1 0 0 0 1 0  0  1  0  1  1  1  1  1  0  0  0  1  1  0  0  1  1  1  1  0  1  1  0  1  0  0  0  0  0  0  0  1  1  0  0  0  
221       00001158h FEC0040Eh DEADBEEFh 0h 0h 0 1 0 0 1 0  0  0  1  1  1  1  1  1  0  0  0  1  1  0  1  1  1  1  1  0  0  1  0  1  0  0  0  0  0  0  0  1  1  0  0  0  
222       00001158h 0040C07Ch DEADBEEFh 0h 0h 0 1 0 0 1 0  0  0  1  1  1  1  1  1  0  0  0  1  1  0  1  1  1  1  1  0  1  1  0  1  0  0  0  0  0  0  0  0  1  0  0  0  
223       00001158h 0040C07Ch DEADBEEFh 0h 0h 1 0 0 0 1 0  0  0  1  1  1  1  1  1  1  0  0  1  1  0  0  1  1  1  1  0  0  1  0  1  0  0  0  0  0  0  0  0  1  0  0  0  
224       00001158h 0040C07Ch DEADBEEFh 0h 0h 1 0 0 0 1 0  0  0  1  1  1  1  1  1  1  0  0  1  1  0  0  1  1  1  1  0  1  1  0  1  0  0  0  0  0  0  0  1  1  0  0  0  
225       FEC0040Eh 0000C07Ch 00000000h Dh 1h 0 1 0 0 1 0  0  1  0  1  1  1  1  1  1  0  0  1  1  0  1  1  1  1  1  1  0  1  0  1  1  1  1  1  0  1  1  1  1  0  0  0  
226       FEC0040Eh 00000000h 00000000h Dh 1h 0 1 0 0 1 0  0  1  0  1  1  1  1  1  1  0  0  1  1  0  1  1  1  1  1  1  1  1  0  1  1  1  1  1  0  1  1  0  1  0  0  0  
227       FEC0040Eh 00000000h 00000000h Dh 1h 1 0 0 0 1 0  0  1  0  1  1  1  1  1  0  0  0  1  1  1  0  1  1  0  1  1  0  1  0  1  1  1  1  1  0  1  1  0  1  0  0  0  
228       FEC0040Eh 00000000h 00000000h Dh 1h 1 0 0 0 1 0  0  1  0  1  1  1  1  1  0  0  0  1  1  1  0  1  1  0  1  1  1  1  0  1  1  1  1  1  0  1  1  1  1  0  0  0  
229       0000115Ch 00040404h DEADBEEFh 0h 0h 0 1 0 0 1 0  0  0  1  1  1  1  1  1  0  0  0  1  1  1  1  1  1  1  1  0  0  1  0  1  0  0  0  0  0  0  0  1  1  0  0  0  
230       0000115Ch 00FFC0BCh DEADBEEFh 0h 0h 0 1 0 0 1 0  0  0  1  1  1  1  1  1  0  0  0  1  1  1  1  1  1  1  1  0  1  1  0  1  0  0  0  0  0  0  0  0  1  0  0  0  
231       0000115Ch 00FFC0BCh DEADBEEFh 0h 0h 1 0 0 1 1 0  0  0  1  1  1  1  1  1  1  0  0  1  1  1  0  1  1  1  1  0  0  1  0  1  0  0  0  0  0  0  0  0  1  0  0  0  
232       0000115Ch 00FFC0BCh DEADBEEFh 0h 0h 1 0 0 1 1 0  0  0  1  1  1  1  1  1  1  0  0  1  1  1  0  1  1  1  1  0  1  1  0  1  0  0  0  0  0  0  0  1  1  0  0  0  
233       0000115Ch 00FFC0BCh DEADBEEFh 0h 0h 1 1 1 1 1 0  0  0  1  1  1  1  1  1  1  0  0  1  1  1  1  1  1  1  1  0  0  1  0  1  0  0  0  0  0  0  0  1  1  0  0  0  
234       0000115Ch 00FFC0BCh DEADBEEFh 0h 0h 1 1 1 1 1 0  0  0  1  1  1  1  1  1  1  0  0  1  1  1  1  1  1  1  1  0  1  1  0  1  0  0  0  0  0  0  0  1  1  0  0  0  
235       0000115Ch 00FFC0BCh DEADBEEFh 0h 0h 1 1 1 0 1 0  0  0  1  1  1  1  1  1  0  0  0  1  1  1  1  1  1  1  1  0  0  1  0  1  0  0  0  0  0  0  0  1  1  0  0  0  
236       0000115Ch 00FFC0BCh DEADBEEFh 0h 0h 1 1 1 0 1 0  0  0  1  1  1  1  1  1  0  0  0  1  1  1  1  1  1  1  1  0  1  1  0  1  0  0  0  0  0  0  0  1  1  0  0  0  
237       00001160h 00FFC0BCh DEADBEEFh 0h 0h 0 1 0 0 1 0  0  0  1  1  1  1  1  1  0  0  0  1  1  1  1  1  1  1  1  0  0  1  0  1  0  0  0  0  0  0  0  1  1  0  0  0  
238       00001160h 0000FFFFh DEADBEEFh 0h 0h 0 1 0 0 1 0  0  0  1  1  1  1  1  1  0  0  0  1  1  1  1  1  1  1  1  0  1  1  0  1  0  0  0  0  0  0  0  0  1  0  0  0  
239       00001160h 0000FFFFh DEADBEEFh 0h 0h 1 0 0 0 1 0  0  0  1  1  1  1  1  1  0  0  0  1  1  1  0  1  1  1  1  0  0  1  0  1  0  0  0  0  0  0  0  0  1  0  0  0  
240       00001160h 0000FFFFh DEADBEEFh 0h 0h 1 0 0 0 1 0  0  0  1  1  1  1  1  1  0  0  0  1  1  1  0  1  1  1  1  0  1  1  0  1  0  0  0  0  0  0  0  1  1  0  0  0  
241       00001164h 0000FFFFh DEADBEEFh 0h 0h 0 1 0 0 1 0  0  0  1  1  1  1  1  1  1  0  0  1  1  1  1  1  1  1  1  0  0  1  0  1  0  0  0  0  0  0  0  1  1  0  0  0  
242       00001164h B0BC0000h DEADBEEFh 0h 0h 0 1 0 0 1 0  0  0  1  1  1  1  1  1  1  0  0  1  1  1  1  1  1  1  1  0  1  1  0  1  0  0  0  0  0  0  0  0  1  0  0  0  
243       00001164h B0BC0000h DEADBEEFh 0h 0h 1 0 0 1 1 0  0  0  1  1  1  1  1  1  0  0  0  1  1  0  0  1  1  1  1  0  0  1  0  1  0  0  0  0  0  0  0  0  1  0  0  0  
244       00001164h B0BC0000h DEADBEEFh 0h 0h 1 0 0 1 1 0  0  0  1  1  1  1  1  1  0  0  0  1  1  0  0  1  1  1  1  0  1  1  0  1  0  0  0  0  0  0  0  1  1  0  0  0  
245       00001164h B0BC0000h DEADBEEFh 0h 0h 1 1 1 1 1 0  0  0  1  1  1  1  1  1  0  0  0  1  1  0  1  1  1  1  1  0  0  1  0  1  0  0  0  0  0  0  0  1  1  0  0  0  
246       00001164h B0BC0000h DEADBEEFh 0h 0h 1 1 1 1 1 0  0  0  1  1  1  1  1  1  0  0  0  1  1  0  1  1  1  1  1  0  1  1  0  1  0  0  0  0  0  0  0  1  1  0  0  0  
247       00001164h B0BC0000h DEADBEEFh 0h 0h 1 1 1 0 1 0  0  0  1  1  1  1  1  1  0  0  0  1  1  0  1  1  1  1  1  0  0  1  0  1  0  0  0  0  0  0  0  1  1  0  0  0  
248       00001164h B0BC0000h DEADBEEFh 0h 0h 1 1 1 0 1 0  0  0  1  1  1  1  1  1  0  0  0  1  1  0  1  1  1  1  1  0  1  1  0  1  0  0  0  0  0  0  0  1  1  0  0  0  
249       00001168h B0BC0000h DEADBEEFh 0h 0h 0 1 0 0 1 0  0  0  1  1  1  1  1  1  1  0  0  1  1  0  1  1  1  1  1  0  0  1  0  1  0  0  0  0  0  0  0  1  1  0  0  0  
250       00001168h 004066E0h DEADBEEFh 0h 0h 0 1 0 0 1 0  0  0  1  1  1  1  1  1  1  0  0  1  1  0  1  1  1  1  1  0  1  1  0  1  0  0  0  0  0  0  0  0  1  0  0  0  
251       00001168h 004066E0h DEADBEEFh 0h 0h 1 0 0 0 1 0  0  0  1  1  1  1  1  1  0  0  0  1  1  0  0  1  1  1  1  0  0  1  0  1  0  0  0  0  0  0  0  0  1  0  0  0  
252       00001168h 004066E0h DEADBEEFh 0h 0h 1 0 0 0 1 0  0  0  1  1  1  1  1  1  0  0  0  1  1  0  0  1  1  1  1  0  1  1  0  1  0  0  0  0  0  0  0  1  1  0  0  0  
253       0000116Ch 004066E0h DEADBEEFh 0h 0h 0 1 0 0 1 0  0  0  1  1  1  1  1  1  0  0  0  1  1  0  1  1  1  1  1  0  0  1  0  1  0  0  0  0  0  0  0  1  1  0  0  0  
254       0000116Ch 20790000h DEADBEEFh 0h 0h 0 1 0 0 1 0  0  0  1  1  1  1  1  1  0  0  0  1  1  0  1  1  1  1  1  0  1  1  0  1  0  0  0  0  0  0  0  0  1  0  0  0  
255       0000116Ch 20790000h DEADBEEFh 0h 0h 1 0 0 1 1 0  0  0  1  1  1  1  1  1  0  0  0  1  1  0  0  1  1  1  1  0  0  1  0  1  0  0  0  0  0  0  0  0  1  0  0  0  
256       0000116Ch 20790000h DEADBEEFh 0h 0h 1 0 0 1 1 0  0  0  1  1  1  1  1  1  0  0  0  1  1  0  0  1  1  1  1  0  1  1  0  1  0  0  0  0  0  0  0  1  1  0  0  0  
257       0000116Ch 20790000h DEADBEEFh 0h 0h 1 1 1 1 1 0  0  0  1  1  1  1  1  1  0  0  0  1  1  0  1  1  1  1  1  0  0  1  0  1  0  0  0  0  0  0  0  1  1  0  0  0  
258       0000116Ch 20790000h DEADBEEFh 0h 0h 1 1 1 1 1 0  0  0  1  1  1  1  1  1  0  0  0  1  1  0  1  1  1  1  1  0  1  1  0  1  0  0  0  0  0  0  0  1  1  0  0  0  
259       0000116Ch 20790000h DEADBEEFh 0h 0h 1 1 1 0 1 0  0  0  1  1  1  1  1  1  0  0  0  1  1  0  1  1  1  1  1  0  0  1  0  1  0  0  0  0  0  0  0  1  1  0  0  0  
260       0000116Ch 20790000h DEADBEEFh 0h 0h 1 1 1 0 1 0  0  0  1  1  1  1  1  1  0  0  0  1  1  0  1  1  1  1  1  0  1  1  0  1  0  0  0  0  0  0  0  1  1  0  0  0  
261       00001170h 20790000h DEADBEEFh 0h 0h 0 1 0 0 1 0  0  0  1  1  1  1  1  1  1  0  0  1  1  0  1  1  1  1  1  0  0  1  0  1  0  0  0  0  0  0  0  1  1  0  0  0  
262       00001170h 21287000h DEADBEEFh 0h 0h 0 1 0 0 1 0  0  0  1  1  1  1  1  1  1  0  0  1  1  0  1  1  1  1  1  0  1  1  0  1  0  0  0  0  0  0  0  0  1  0  0  0  
263       00001170h 21287000h DEADBEEFh 0h 0h 1 0 0 0 1 0  0  0  1  1  1  1  1  1  0  0  0  1  1  0  0  1  1  1  1  0  0  1  0  1  0  0  0  0  0  0  0  0  1  0  0  0  
264       00001170h 21287000h DEADBEEFh 0h 0h 1 0 0 0 1 0  0  0  1  1  1  1  1  1  0  0  0  1  1  0  0  1  1  1  1  0  1  1  0  1  0  0  0  0  0  0  0  1  1  0  0  0  
265       00001170h 21287000h DEADBEEFh 0h 0h 1 1 1 1 1 0  0  0  1  1  1  1  1  1  0  0  0  1  1  0  1  1  1  1  1  0  0  1  0  1  0  0  0  0  0  0  0  1  1  0  0  0  
266       00001170h 21287000h DEADBEEFh 0h 0h 1 1 1 1 1 0  0  0  1  1  1  1  1  1  0  0  0  1  1  0  1  1  1  1  1  0  1  1  0  1  0  0  0  0  0  0  0  1  1  0  0  0  
267       00001170h 21287000h DEADBEEFh 0h 0h 1 1 1 0 1 0  0  0  1  1  1  1  1  1  0  0  0  1  1  0  1  1  1  1  1  0  0  1  0  1  0  0  0  0  0  0  0  1  1  0  0  0  
268       00001170h 21287000h DEADBEEFh 0h 0h 1 1 1 0 1 0  0  0  1  1  1  1  1  1  0  0  0  1  1  0  1  1  1  1  1  0  1  1  0  1  0  0  0  0  0  0  0  1  1  0  0  0  
269       00001148h 21287000h DEADBEEFh 0h 0h 0 1 0 0 1 0  0  0  1  1  1  1  1  1  0  0  0  1  1  0  1  1  1  1  1  0  0  1  0  1  0  0  0  0  0  0  0  1  1  0  0  0  
270       00001148h 4E754E71h DEADBEEFh 0h 0h 0 1 0 0 1 0  0  0  1  1  1  1  1  1  0  0  0  1  1  0  1  1  1  1  1  0  1  1  0  1  0  0  0  0  0  0  0  0  1  0  0  0  
271       00001148h 4E754E71h DEADBEEFh 0h 0h 1 0 0 0 1 0  0  0  1  1  1  1  1  1  0  0  0  1  1  0  0  1  1  1  1  0  0  1  0  1  0  0  0  0  0  0  0  0  1  0  0  0  
272       00001148h 4E754E71h DEADBEEFh 0h 0h 1 0 0 0 1 0  0  0  1  1  1  1  1  1  0  0  0  1  1  0  0  1  1  1  1  0  1  1  0  1  0  0  0  0  0  0  0  1  1  0  0  0  
273       0000114Ch 4E754E71h DEADBEEFh 0h 0h 0 1 0 0 1 0  0  0  1  1  1  1  1  1  1  1  0  1  1  0  1  1  1  1  1  0  0  1  0  1  0  0  0  0  0  0  0  1  1  0  0  0  
274       0000114Ch 20790000h DEADBEEFh 0h 0h 0 1 0 0 1 0  0  0  1  1  1  1  1  1  1  1  0  1  1  0  1  1  1  1  1  0  1  1  0  1  0  0  0  0  0  0  0  0  1  0  0  0  
275       0000114Ch 20790000h DEADBEEFh 0h 0h 1 0 0 1 1 0  0  0  1  1  1  1  1  1  0  0  0  1  1  0  0  1  1  1  1  0  0  1  0  1  0  0  0  0  0  0  0  0  1  0  0  0  
276       0000114Ch 20790000h DEADBEEFh 0h 0h 1 0 0 1 1 0  0  0  1  1  1  1  1  1  0  0  0  1  1  0  0  1  1  1  1  0  1  1  0  1  0  0  0  0  0  0  0  1  1  0  0  0  
277       0000114Ch 20790000h DEADBEEFh 0h 0h 1 1 1 1 1 0  0  0  1  1  1  1  1  1  0  0  0  1  1  0  1  1  1  1  1  0  0  1  0  1  0  0  0  0  0  0  0  1  1  0  0  0  
278       0000114Ch 20790000h DEADBEEFh 0h 0h 1 1 1 1 1 0  0  0  1  1  1  1  1  1  0  0  0  1  1  0  1  1  1  1  1  0  1  1  0  1  0  0  0  0  0  0  0  1  1  0  0  0  
279       0000114Ch 20790000h DEADBEEFh 0h 0h 1 1 1 0 1 0  0  0  1  1  1  1  1  1  0  0  0  1  1  0  1  1  1  1  1  0  0  1  0  1  0  0  0  0  0  0  0  1  1  0  0  0  
280       0000114Ch 20790000h DEADBEEFh 0h 0h 1 1 1 0 1 0  0  0  1  1  1  1  1  1  0  0  0  1  1  0  1  1  1  1  1  0  1  1  0  1  0  0  0  0  0  0  0  1  1  0  0  0  
281       00001150h 20790000h DEADBEEFh 0h 0h 0 1 0 0 1 0  0  0  1  1  1  1  1  1  0  0  0  1  1  0  1  1  1  1  1  0  0  1  0  1  0  0  0  0  0  0  0  1  1  0  0  0  
282       00001150h 21287000h DEADBEEFh 0h 0h 0 1 0 0 1 0  0  0  1  1  1  1  1  1  0  0  0  1  1  0  1  1  1  1  1  0  1  1  0  1  0  0  0  0  0  0  0  0  1  0  0  0  
283       00001150h 21287000h DEADBEEFh 0h 0h 1 0 0 0 1 0  0  0  1  1  1  1  1  1  0  0  0  1  1  0  0  1  1  1  1  0  0  1  0  1  0  0  0  0  0  0  0  0  1  0  0  0  
284       00001150h 21287000h DEADBEEFh 0h 0h 1 0 0 0 1 0  0  0  1  1  1  1  1  1  0  0  0  1  1  0  0  1  1  1  1  0  1  1  0  1  0  0  0  0  0  0  0  1  1  0  0  0  
285       00001154h 21287000h DEADBEEFh 0h 0h 0 1 0 0 1 0  0  0  1  1  1  1  1  1  0  0  0  1  1  0  1  1  1  1  1  0  0  1  0  1  0  0  0  0  0  0  0  1  1  0  0  0  
286       00001154h 1010C03Ch DEADBEEFh 0h 0h 0 1 0 0 1 0  0  0  1  1  1  1  1  1  0  0  0  1  1  0  1  1  1  1  1  0  1  1  0  1  0  0  0  0  0  0  0  0  1  0  0  0  
287       00001154h 1010C03Ch DEADBEEFh 0h 0h 1 0 0 1 1 0  0  0  1  1  1  1  1  1  0  0  0  1  1  0  0  1  1  1  1  0  0  1  0  1  0  0  0  0  0  0  0  0  1  0  0  0  
288       00001154h 1010C03Ch DEADBEEFh 0h 0h 1 0 0 1 1 0  0  0  1  1  1  1  1  1  0  0  0  1  1  0  0  1  1  1  1  0  1  1  0  1  0  0  0  0  0  0  0  1  1  0  0  0  
289       00001154h 1010C03Ch DEADBEEFh 0h 0h 1 1 1 1 1 0  0  0  1  1  1  1  1  1  0  0  0  1  1  0  1  1  1  1  1  0  0  1  0  1  0  0  0  0  0  0  0  1  1  0  0  0  
290       00001154h 1010C03Ch DEADBEEFh 0h 0h 1 1 1 1 1 0  0  0  1  1  1  1  1  1  0  0  0  1  1  0  1  1  1  1  1  0  1  1  0  1  0  0  0  0  0  0  0  1  1  0  0  0  
291       00001154h 1010C03Ch DEADBEEFh 0h 0h 1 1 1 0 1 0  0  0  1  1  1  1  1  1  0  0  0  1  1  0  1  1  1  1  1  0  0  1  0  1  0  0  0  0  0  0  0  1  1  0  0  0  
292       00001154h 1010C03Ch DEADBEEFh 0h 0h 1 1 1 0 1 0  0  0  1  1  1  1  1  1  0  0  0  1  1  0  1  1  1  1  1  0  1  1  0  1  0  0  0  0  0  0  0  1  1  0  0  0  
293       00002128h 1010C03Ch DEADBEEFh 0h 0h 0 1 0 0 1 0  0  1  0  1  1  1  1  1  0  0  0  1  1  0  1  1  1  1  1  0  0  1  0  1  0  0  0  0  0  0  0  1  1  0  0  0  
294       00002128h FEC0040Eh DEADBEEFh 0h 0h 0 1 0 0 1 0  0  1  0  1  1  1  1  1  0  0  0  1  1  0  1  1  1  1  1  0  1  1  0  1  0  0  0  0  0  0  0  0  1  0  0  0  
295       00002128h FEC0040Eh DEADBEEFh 0h 0h 1 0 0 0 1 0  0  1  0  1  1  1  1  1  0  0  0  1  1  0  0  1  1  1  1  0  0  1  0  1  0  0  0  0  0  0  0  0  1  0  0  0  
296       00002128h FEC0040Eh DEADBEEFh 0h 0h 1 0 0 0 1 0  0  1  0  1  1  1  1  1  0  0  0  1  1  0  0  1  1  1  1  0  1  1  0  1  0  0  0  0  0  0  0  1  1  0  0  0  
297       00001158h FEC0040Eh DEADBEEFh 0h 0h 0 1 0 0 1 0  0  0  1  1  1  1  1  1  0  0  0  1  1  0  1  1  1  1  1  0  0  1  0  1  0  0  0  0  0  0  0  1  1  0  0  0  
298       00001158h 0040C07Ch DEADBEEFh 0h 0h 0 1 0 0 1 0  0  0  1  1  1  1  1  1  0  0  0  1  1  0  1  1  1  1  1  0  1  1  0  1  0  0  0  0  0  0  0  0  1  0  0  0  
299       00001158h 0040C07Ch DEADBEEFh 0h 0h 1 0 0 0 1 0  0  0  1  1  1  1  1  1  1  0  0  1  1  0  0  1  1  1  1  0  0  1  0  1  0  0  0  0  0  0  0  0  1  0  0  0  
300       00001158h 0040C07Ch DEADBEEFh 0h 0h 1 0 0 0 1 0  0  0  1  1  1  1  1  1  1  0  0  1  1  0  0  1  1  1  1  0  1  1  0  1  0  0  0  0  0  0  0  1  1  0  0  0  
301       FEC0040Eh 0000C07Ch 00000000h Dh 1h 0 1 0 0 1 0  0  1  0  1  1  1  1  1  1  0  0  1  1  0  1  1  1  1  1  1  0  1  0  1  1  1  1  1  0  1  1  1  1  0  0  0  
302       FEC0040Eh 00000000h 00000000h Dh 1h 0 1 0 0 1 0  0  1  0  1  1  1  1  1  1  0  0  1  1  0  1  1  1  1  1  1  1  1  0  1  1  1  1  1  0  1  1  0  1  0  0  0  
303       FEC0040Eh 00000000h 00000000h Dh 1h 1 0 0 0 1 0  0  1  0  1  1  1  1  1  0  0  0  1  1  1  0  1  1  0  1  1  0  1  0  1  1  1  1  1  0  1  1  0  1  0  0  0  
304       FEC0040Eh 00000000h 00000000h Dh 1h 1 0 0 0 1 0  0  1  0  1  1  1  1  1  0  0  0  1  1  1  0  1  1  0  1  1  1  1  0  1  1  1  1  1  0  1  1  1  1  0  0  0  
305       0000115Ch 00040404h DEADBEEFh 0h 0h 0 1 0 0 1 0  0  0  1  1  1  1  1  1  0  0  0  1  1  1  1  1  1  1  1  0  0  1  0  1  0  0  0  0  0  0  0  1  1  0  0  0  
306       0000115Ch 00FFC0BCh DEADBEEFh 0h 0h 0 1 0 0 1 0  0  0  1  1  1  1  1  1  0  0  0  1  1  1  1  1  1  1  1  0  1  1  0  1  0  0  0  0  0  0  0  0  1  0  0  0  
307       0000115Ch 00FFC0BCh DEADBEEFh 0h 0h 1 0 0 1 1 0  0  0  1  1  1  1  1  1  1  0  0  1  1  1  0  1  1  1  1  0  0  1  0  1  0  0  0  0  0  0  0  0  1  0  0  0  
308       0000115Ch 00FFC0BCh DEADBEEFh 0h 0h 1 0 0 1 1 0  0  0  1  1  1  1  1  1  1  0  0  1  1  1  0  1  1  1  1  0  1  1  0  1  0  0  0  0  0  0  0  1  1  0  0  0  
309       0000115Ch 00FFC0BCh DEADBEEFh 0h 0h 1 1 1 1 1 0  0  0  1  1  1  1  1  1  1  0  0  1  1  1  1  1  1  1  1  0  0  1  0  1  0  0  0  0  0  0  0  1  1  0  0  0  
310       0000115Ch 00FFC0BCh DEADBEEFh 0h 0h 1 1 1 1 1 0  0  0  1  1  1  1  1  1  1  0  0  1  1  1  1  1  1  1  1  0  1  1  0  1  0  0  0  0  0  0  0  1  1  0  0  0  
311       0000115Ch 00FFC0BCh DEADBEEFh 0h 0h 1 1 1 0 1 0  0  0  1  1  1  1  1  1  0  0  0  1  1  1  1  1  1  1  1  0  0  1  0  1  0  0  0  0  0  0  0  1  1  0  0  0  
312       0000115Ch 00FFC0BCh DEADBEEFh 0h 0h 1 1 1 0 1 0  0  0  1  1  1  1  1  1  0  0  0  1  1  1  1  1  1  1  1  0  1  1  0  1  0  0  0  0  0  0  0  1  1  0  0  0  
313       00001160h 00FFC0BCh DEADBEEFh 0h 0h 0 1 0 0 1 0  0  0  1  1  1  1  1  1  0  0  0  1  1  1  1  1  1  1  1  0  0  1  0  1  0  0  0  0  0  0  0  1  1  0  0  0  
314       00001160h 0000FFFFh DEADBEEFh 0h 0h 0 1 0 0 1 0  0  0  1  1  1  1  1  1  0  0  0  1  1  1  1  1  1  1  1  0  1  1  0  1  0  0  0  0  0  0  0  0  1  0  0  0  
315       00001160h 0000FFFFh DEADBEEFh 0h 0h 1 0 0 0 1 0  0  0  1  1  1  1  1  1  0  0  0  1  1  1  0  1  1  1  1  0  0  1  0  1  0  0  0  0  0  0  0  0  1  0  0  0  
316       00001160h 0000FFFFh DEADBEEFh 0h 0h 1 0 0 0 1 0  0  0  1  1  1  1  1  1  0  0  0  1  1  1  0  1  1  1  1  0  1  1  0  1  0  0  0  0  0  0  0  1  1  0  0  0  
317       00001164h 0000FFFFh DEADBEEFh 0h 0h 0 1 0 0 1 0  0  0  1  1  1  1  1  1  1  0  0  1  1  1  1  1  1  1  1  0  0  1  0  1  0  0  0  0  0  0  0  1  1  0  0  0  
318       00001164h B0BC0000h DEADBEEFh 0h 0h 0 1 0 0 1 0  0  0  1  1  1  1  1  1  1  0  0  1  1  1  1  1  1  1  1  0  1  1  0  1  0  0  0  0  0  0  0  0  1  0  0  0  
319       00001164h B0BC0000h DEADBEEFh 0h 0h 1 0 0 1 1 0  0  0  1  1  1  1  1  1  0  0  0  1  1  0  0  1  1  1  1  0  0  1  0  1  0  0  0  0  0  0  0  0  1  0  0  0  
320       00001164h B0BC0000h DEADBEEFh 0h 0h 1 0 0 1 1 0  0  0  1  1  1  1  1  1  0  0  0  1  1  0  0  1  1  1  1  0  1  1  0  1  0  0  0  0  0  0  0  1  1  0  0  0  
321       00001164h B0BC0000h DEADBEEFh 0h 0h 1 1 1 1 1 0  0  0  1  1  1  1  1  1  0  0  0  1  1  0  1  1  1  1  1  0  0  1  0  1  0  0  0  0  0  0  0  1  1  0  0  0  
322       00001164h B0BC0000h DEADBEEFh 0h 0h 1 1 1 1 1 0  0  0  1  1  1  1  1  1  0  0  0  1  1  0  1  1  1  1  1  0  1  1  0  1  0  0  0  0  0  0  0  1  1  0  0  0  
323       00001164h B0BC0000h DEADBEEFh 0h 0h 1 1 1 0 1 0  0  0  1  1  1  1  1  1  0  0  0  1  1  0  1  1  1  1  1  0  0  1  0  1  0  0  0  0  0  0  0  1  1  0  0  0  
324       00001164h B0BC0000h DEADBEEFh 0h 0h 1 1 1 0 1 0  0  0  1  1  1  1  1  1  0  0  0  1  1  0  1  1  1  1  1  0  1  1  0  1  0  0  0  0  0  0  0  1  1  0  0  0  
325       00001168h B0BC0000h DEADBEEFh 0h 0h 0 1 0 0 1 0  0  0  1  1  1  1  1  1  1  0  0  1  1  0  1  1  1  1  1  0  0  1  0  1  0  0  0  0  0  0  0  1  1  0  0  0  
326       00001168h 004066E0h DEADBEEFh 0h 0h 0 1 0 0 1 0  0  0  1  1  1  1  1  1  1  0  0  1  1  0  1  1  1  1  1  0  1  1  0  1  0  0  0  0  0  0  0  0  1  0  0  0  
327       00001168h 004066E0h DEADBEEFh 0h 0h 1 0 0 0 1 0  0  0  1  1  1  1  1  1  0  0  0  1  1  0  0  1  1  1  1  0  0  1  0  1  0  0  0  0  0  0  0  0  1  0  0  0  
328       00001168h 004066E0h DEADBEEFh 0h 0h 1 0 0 0 1 0  0  0  1  1  1  1  1  1  0  0  0  1  1  0  0  1  1  1  1  0  1  1  0  1  0  0  0  0  0  0  0  1  1  0  0  0  
329       0000116Ch 004066E0h DEADBEEFh 0h 0h 0 1 0 0 1 0  0  0  1  1  1  1  1  1  0  0  0  1  1  0  1  1  1  1  1  0  0  1  0  1  0  0  0  0  0  0  0  1  1  0  0  0  
330       0000116Ch 20790000h DEADBEEFh 0h 0h 0 1 0 0 1 0  0  0  1  1  1  1  1  1  0  0  0  1  1  0  1  1  1  1  1  0  1  1  0  1  0  0  0  0  0  0  0  0  1  0  0  0  
331       0000116Ch 20790000h DEADBEEFh 0h 0h 1 0 0 1 1 0  0  0  1  1  1  1  1  1  0  0  0  1  1  0  0  1  1  1  1  0  0  1  0  1  0  0  0  0  0  0  0  0  1  0  0  0  
332       0000116Ch 20790000h DEADBEEFh 0h 0h 1 0 0 1 1 0  0  0  1  1  1  1  1  1  0  0  0  1  1  0  0  1  1  1  1  0  1  1  0  1  0  0  0  0  0  0  0  1  1  0  0  0  
333       0000116Ch 20790000h DEADBEEFh 0h 0h 1 1 1 1 1 0  0  0  1  1  1  1  1  1  0  0  0  1  1  0  1  1  1  1  1  0  0  1  0  1  0  0  0  0  0  0  0  1  1  0  0  0  
334       0000116Ch 20790000h DEADBEEFh 0h 0h 1 1 1 1 1 0  0  0  1  1  1  1  1  1  0  0  0  1  1  0  1  1  1  1  1  0  1  1  0  1  0  0  0  0  0  0  0  1  1  0  0  0  
335       0000116Ch 20790000h DEADBEEFh 0h 0h 1 1 1 0 1 0  0  0  1  1  1  1  1  1  0  0  0  1  1  0  1  1  1  1  1  0  0  1  0  1  0  0  0  0  0  0  0  1  1  0  0  0  
336       0000116Ch 20790000h DEADBEEFh 0h 0h 1 1 1 0 1 0  0  0  1  1  1  1  1  1  0  0  0  1  1  0  1  1  1  1  1  0  1  1  0  1  0  0  0  0  0  0  0  1  1  0  0  0  
337       00001170h 20790000h DEADBEEFh 0h 0h 0 1 0 0 1 0  0  0  1  1  1  1  1  1  1  0  0  1  1  0  1  1  1  1  1  0  0  1  0  1  0  0  0  0  0  0  0  1  1  0  0  0  
338       00001170h 21287000h DEADBEEFh 0h 0h 0 1 0 0 1 0  0  0  1  1  1  1  1  1  1  0  0  1  1  0  1  1  1  1  1  0  1  1  0  1  0  0  0  0  0  0  0  0  1  0  0  0  
339       00001170h 21287000h DEADBEEFh 0h 0h 1 0 0 0 1 0  0  0  1  1  1  1  1  1  0  0  0  1  1  0  0  1  1  1  1  0  0  1  0  1  0  0  0  0  0  0  0  0  1  0  0  0  
340       00001170h 21287000h DEADBEEFh 0h 0h 1 0 0 0 1 0  0  0  1  1  1  1  1  1  0  0  0  1  1  0  0  1  1  1  1  0  1  1  0  1  0  0  0  0  0  0  0  1  1  0  0  0  
341       00001170h 21287000h DEADBEEFh 0h 0h 1 1 1 1 1 0  0  0  1  1  1  1  1  1  0  0  0  1  1  0  1  1  1  1  1  0  0  1  0  1  0  0  0  0  0  0  0  1  1  0  0  0  
342       00001170h 21287000h DEADBEEFh 0h 0h 1 1 1 1 1 0  0  0  1  1  1  1  1  1  0  0  0  1  1  0  1  1  1  1  1  0  1  1  0  1  0  0  0  0  0  0  0  1  1  0  0  0  
343       00001170h 21287000h DEADBEEFh 0h 0h 1 1 1 0 1 0  0  0  1  1  1  1  1  1  0  0  0  1  1  0  1  1  1  1  1  0  0  1  0  1  0  0  0  0  0  0  0  1  1  0  0  0  
344       00001170h 21287000h DEADBEEFh 0h 0h 1 1 1 0 1 0  0  0  1  1  1  1  1  1  0  0  0  1  1  0  1  1  1  1  1  0  1  1  0  1  0  0  0  0  0  0  0  1  1  0  0  0  
345       00001148h 21287000h DEADBEEFh 0h 0h 0 1 0 0 1 0  0  0  1  1  1  1  1  1  0  0  0  1  1  0  1  1  1  1  1  0  0  1  0  1  0  0  0  0  0  0  0  1  1  0  0  0  
346       00001148h 4E754E71h DEADBEEFh 0h 0h 0 1 0 0 1 0  0  0  1  1  1  1  1  1  0  0  0  1  1  0  1  1  1  1  1  0  1  1  0  1  0  0  0  0  0  0  0  0  1  0  0  0  
347       00001148h 4E754E71h DEADBEEFh 0h 0h 1 0 0 0 1 0  0  0  1  1  1  1  1  1  0  0  0  1  1  0  0  1  1  1  1  0  0  1  0  1  0  0  0  0  0  0  0  0  1  0  0  0  
348       00001148h 4E754E71h DEADBEEFh 0h 0h 1 0 0 0 1 0  0  0  1  1  1  1  1  1  0  0  0  1  1  0  0  1  1  1  1  0  1  1  0  1  0  0  0  0  0  0  0  1  1  0  0  0  
349       0000114Ch 4E754E71h DEADBEEFh 0h 0h 0 1 0 0 1 0  0  0  1  1  1  1  1  1  1  1  0  1  1  0  1  1  1  1  1  0  0  1  0  1  0  0  0  0  0  0  0  1  1  0  0  0  
350       0000114Ch 20790000h DEADBEEFh 0h 0h 0 1 0 0 1 0  0  0  1  1  1  1  1  1  1  1  0  1  1  0  1  1  1  1  1  0  1  1  0  1  0  0  0  0  0  0  0  0  1  0  0  0  
351       0000114Ch 20790000h DEADBEEFh 0h 0h 1 0 0 1 1 0  0  0  1  1  1  1  1  1  0  0  0  1  1  0  0  1  1  1  1  0  0  1  0  1  0  0  0  0  0  0  0  0  1  0  0  0  
352       0000114Ch 20790000h DEADBEEFh 0h 0h 1 0 0 1 1 0  0  0  1  1  1  1  1  1  0  0  0  1  1  0  0  1  1  1  1  0  1  1  0  1  0  0  0  0  0  0  0  1  1  0  0  0  
353       0000114Ch 20790000h DEADBEEFh 0h 0h 1 1 1 1 1 0  0  0  1  1  1  1  1  1  0  0  0  1  1  0  1  1  1  1  1  0  0  1  0  1  0  0  0  0  0  0  0  1  1  0  0  0  
354       0000114Ch 20790000h DEADBEEFh 0h 0h 1 1 1 1 1 0  0  0  1  1  1  1  1  1  0  0  0  1  1  0  1  1  1  1  1  0  1  1  0  1  0  0  0  0  0  0  0  1  1  0  0  0  
355       0000114Ch 20790000h DEADBEEFh 0h 0h 1 1 1 0 1 0  0  0  1  1  1  1  1  1  0  0  0  1  1  0  1  1  1  1  1  0  0  1  0  1  0  0  0  0  0  0  0  1  1  0  0  0  
356       0000114Ch 20790000h DEADBEEFh 0h 0h 1 1 1 0 1 0  0  0  1  1  1  1  1  1  0  0  0  1  1  0  1  1  1  1  1  0  1  1  0  1  0  0  0  0  0  0  0  1  1  0  0  0  
357       00001150h 20790000h DEADBEEFh 0h 0h 0 1 0 0 1 0  0  0  1  1  1  1  1  1  0  0  0  1  1  0  1  1  1  1  1  0  0  1  0  1  0  0  0  0  0  0  0  1  1  0  0  0  
358       00001150h 21287000h DEADBEEFh 0h 0h 0 1 0 0 1 0  0  0  1  1  1  1  1  1  0  0  0  1  1  0  1  1  1  1  1  0  1  1  0  1  0  0  0  0  0  0  0  0  1  0  0  0  
359       00001150h 21287000h DEADBEEFh 0h 0h 1 0 0 0 1 0  0  0  1  1  1  1  1  1  0  0  0  1  1  0  0  1  1  1  1  0  0  1  0  1  0  0  0  0  0  0  0  0  1  0  0  0  
360       00001150h 21287000h DEADBEEFh 0h 0h 1 0 0 0 1 0  0  0  1  1  1  1  1  1  0  0  0  1  1  0  0  1  1  1  1  0  1  1  0  1  0  0  0  0  0  0  0  1  1  0  0  0  
361       00001154h 21287000h DEADBEEFh 0h 0h 0 1 0 0 1 0  0  0  1  1  1  1  1  1  0  0  0  1  1  0  1  1  1  1  1  0  0  1  0  1  0  0  0  0  0  0  0  1  1  0  0  0  
362       00001154h 1010C03Ch DEADBEEFh 0h 0h 0 1 0 0 1 0  0  0  1  1  1  1  1  1  0  0  0  1  1  0  1  1  1  1  1  0  1  1  0  1  0  0  0  0  0  0  0  0  1  0  0  0  
363       00001154h 1010C03Ch DEADBEEFh 0h 0h 1 0 0 1 1 0  0  0  1  1  1  1  1  1  0  0  0  1  1  0  0  1  1  1  1  0  0  1  0  1  0  0  0  0  0  0  0  0  1  0  0  0  
364       00001154h 1010C03Ch DEADBEEFh 0h 0h 1 0 0 1 1 0  0  0  1  1  1  1  1  1  0  0  0  1  1  0  0  1  1  1  1  0  1  1  0  1  0  0  0  0  0  0  0  1  1  0  0  0  
365       00001154h 1010C03Ch DEADBEEFh 0h 0h 1 1 1 1 1 0  0  0  1  1  1  1  1  1  0  0  0  1  1  0  1  1  1  1  1  0  0  1  0  1  0  0  0  0  0  0  0  1  1  0  0  0  
366       00001154h 1010C03Ch DEADBEEFh 0h 0h 1 1 1 1 1 0  0  0  1  1  1  1  1  1  0  0  0  1  1  0  1  1  1  1  1  0  1  1  0  1  0  0  0  0  0  0  0  1  1  0  0  0  
367       00001154h 1010C03Ch DEADBEEFh 0h 0h 1 1 1 0 1 0  0  0  1  1  1  1  1  1  0  0  0  1  1  0  1  1  1  1  1  0  0  1  0  1  0  0  0  0  0  0  0  1  1  0  0  0  
368       00001154h 1010C03Ch DEADBEEFh 0h 0h 1 1 1 0 1 0  0  0  1  1  1  1  1  1  0  0  0  1  1  0  1  1  1  1  1  0  1  1  0  1  0  0  0  0  0  0  0  1  1  0  0  0  
369       00002128h 1010C03Ch DEADBEEFh 0h 0h 0 1 0 0 1 0  0  1  0  1  1  1  1  1  0  0  0  1  1  0  1  1  1  1  1  0  0  1  0  1  0  0  0  0  0  0  0  1  1  0  0  0  
370       00002128h FEC0040Eh DEADBEEFh 0h 0h 0 1 0 0 1 0  0  1  0  1  1  1  1  1  0  0  0  1  1  0  1  1  1  1  1  0  1  1  0  1  0  0  0  0  0  0  0  0  1  0  0  0  
371       00002128h FEC0040Eh DEADBEEFh 0h 0h 1 0 0 0 1 0  0  1  0  1  1  1  1  1  0  0  0  1  1  0  0  1  1  1  1  0  0  1  0  1  0  0  0  0  0  0  0  0  1  0  0  0  
372       00002128h FEC0040Eh DEADBEEFh 0h 0h 1 0 0 0 1 0  0  1  0  1  1  1  1  1  0  0  0  1  1  0  0  1  1  1  1  0  1  1  0  1  0  0  0  0  0  0  0  1  1  0  0  0  
373       00001158h FEC0040Eh DEADBEEFh 0h 0h 0 1 0 0 1 0  0  0  1  1  1  1  1  1  0  0  0  1  1  0  1  1  1  1  1  0  0  1  0  1  0  0  0  0  0  0  0  1  1  0  0  0  
374       00001158h 0040C07Ch DEADBEEFh 0h 0h 0 1 0 0 1 0  0  0  1  1  1  1  1  1  0  0  0  1  1  0  1  1  1  1  1  0  1  1  0  1  0  0  0  0  0  0  0  0  1  0  0  0  
375       00001158h 0040C07Ch DEADBEEFh 0h 0h 1 0 0 0 1 0  0  0  1  1  1  1  1  1  1  0  0  1  1  0  0  1  1  1  1  0  0  1  0  1  0  0  0  0  0  0  0  0  1  0  0  0  
376       00001158h 0040C07Ch DEADBEEFh 0h 0h 1 0 0 0 1 0  0  0  1  1  1  1  1  1  1  0  0  1  1  0  0  1  1  1  1  0  1  1  0  1  0  0  0  0  0  0  0  1  1  0  0  0  
377       FEC0040Eh 0000C07Ch 00000000h Dh 1h 0 1 0 0 1 0  0  1  0  1  1  1  1  1  1  0  0  1  1  0  1  1  1  1  1  1  0  1  0  1  1  1  1  1  0  1  1  1  1  0  0  0  
378       FEC0040Eh 00000000h 00000000h Dh 1h 0 1 0 0 1 0  0  1  0  1  1  1  1  1  1  0  0  1  1  0  1  1  1  1  1  1  1  1  0  1  1  1  1  1  0  1  1  0  1  0  0  0  
379       FEC0040Eh 00000000h 00000000h Dh 1h 1 0 0 0 1 0  0  1  0  1  1  1  1  1  0  0  0  1  1  1  0  1  1  0  1  1  0  1  0  1  1  1  1  1  0  1  1  0  1  0  0  0  
380       FEC0040Eh 00000000h 00000000h Dh 1h 1 0 0 0 1 0  0  1  0  1  1  1  1  1  0  0  0  1  1  1  0  1  1  0  1  1  1  1  0  1  1  1  1  1  0  1  1  1  1  0  0  0  
381       0000115Ch 00040004h DEADBEEFh 0h 0h 0 1 0 0 1 0  0  0  1  1  1  1  1  1  0  0  0  1  1  1  1  1  1  1  1  0  0  1  0  1  0  0  0  0  0  0  0  1  1  0  0  0  
382       0000115Ch 00FFC0BCh DEADBEEFh 0h 0h 0 1 0 0 1 0  0  0  1  1  1  1  1  1  0  0  0  1  1  1  1  1  1  1  1  0  1  1  0  1  0  0  0  0  0  0  0  0  1  0  0  0  
383       0000115Ch 00FFC0BCh DEADBEEFh 0h 0h 1 0 0 1 1 0  0  0  1  1  1  1  1  1  1  0  0  1  1  1  0  1  1  1  1  0  0  1  0  1  0  0  0  0  0  0  0  0  1  0  0  0  
384       0000115Ch 00FFC0BCh DEADBEEFh 0h 0h 1 0 0 1 1 0  0  0  1  1  1  1  1  1  1  0  0  1  1  1  0  1  1  1  1  0  1  1  0  1  0  0  0  0  0  0  0  1  1  0  0  0  
385       0000115Ch 00FFC0BCh DEADBEEFh 0h 0h 1 1 1 1 1 0  0  0  1  1  1  1  1  1  1  0  0  1  1  1  1  1  1  1  1  0  0  1  0  1  0  0  0  0  0  0  0  1  1  0  0  0  
386       0000115Ch 00FFC0BCh DEADBEEFh 0h 0h 1 1 1 1 1 0  0  0  1  1  1  1  1  1  1  0  0  1  1  1  1  1  1  1  1  0  1  1  0  1  0  0  0  0  0  0  0  1  1  0  0  0  
387       0000115Ch 00FFC0BCh DEADBEEFh 0h 0h 1 1 1 0 1 0  0  0  1  1  1  1  1  1  0  0  0  1  1  1  1  1  1  1  1  0  0  1  0  1  0  0  0  0  0  0  0  1  1  0  0  0  
388       0000115Ch 00FFC0BCh DEADBEEFh 0h 0h 1 1 1 0 1 0  0  0  1  1  1  1  1  1  0  0  0  1  1  1  1  1  1  1  1  0  1  1  0  1  0  0  0  0  0  0  0  1  1  0  0  0  
389       00001160h 00FFC0BCh DEADBEEFh 0h 0h 0 1 0 0 1 0  0  0  1  1  1  1  1  1  0  0  0  1  1  1  1  1  1  1  1  0  0  1  0  1  0  0  0  0  0  0  0  1  1  0  0  0  
390       00001160h 0000FFFFh DEADBEEFh 0h 0h 0 1 0 0 1 0  0  0  1  1  1  1  1  1  0  0  0  1  1  1  1  1  1  1  1  0  1  1  0  1  0  0  0  0  0  0  0  0  1  0  0  0  
391       00001160h 0000FFFFh DEADBEEFh 0h 0h 1 0 0 0 1 0  0  0  1  1  1  1  1  1  0  0  0  1  1  1  0  1  1  1  1  0  0  1  0  1  0  0  0  0  0  0  0  0  1  0  0  0  
392       00001160h 0000FFFFh DEADBEEFh 0h 0h 1 0 0 0 1 0  0  0  1  1  1  1  1  1  0  0  0  1  1  1  0  1  1  1  1  0  1  1  0  1  0  0  0  0  0  0  0  1  1  0  0  0  
393       00001164h 0000FFFFh DEADBEEFh 0h 0h 0 1 0 0 1 0  0  0  1  1  1  1  1  1  1  0  0  1  1  1  1  1  1  1  1  0  0  1  0  1  0  0  0  0  0  0  0  1  1  0  0  0  
394       00001164h B0BC0000h DEADBEEFh 0h 0h 0 1 0 0 1 0  0  0  1  1  1  1  1  1  1  0  0  1  1  1  1  1  1  1  1  0  1  1  0  1  0  0  0  0  0  0  0  0  1  0  0  0  
395       00001164h B0BC0000h DEADBEEFh 0h 0h 1 0 0 1 1 0  0  0  1  1  1  1  1  1  0  0  0  1  1  0  0  1  1  1  1  0  0  1  0  1  0  0  0  0  0  0  0  0  1  0  0  0  
396       00001164h B0BC0000h DEADBEEFh 0h 0h 1 0 0 1 1 0  0  0  1  1  1  1  1  1  0  0  0  1  1  0  0  1  1  1  1  0  1  1  0  1  0  0  0  0  0  0  0  1  1  0  0  0  
397       00001164h B0BC0000h DEADBEEFh 0h 0h 1 1 1 1 1 0  0  0  1  1  1  1  1  1  0  0  0  1  1  0  1  1  1  1  1  0  0  1  0  1  0  0  0  0  0  0  0  1  1  0  0  0  
398       00001164h B0BC0000h DEADBEEFh 0h 0h 1 1 1 1 1 0  0  0  1  1  1  1  1  1  0  0  0  1  1  0  1  1  1  1  1  0  1  1  0  1  0  0  0  0  0  0  0  1  1  0  0  0  
399       00001164h B0BC0000h DEADBEEFh 0h 0h 1 1 1 0 1 0  0  0  1  1  1  1  1  1  0  0  0  1  1  0  1  1  1  1  1  0  0  1  0  1  0  0  0  0  0  0  0  1  1  0  0  0  
400       00001164h B0BC0000h DEADBEEFh 0h 0h 1 1 1 0 1 0  0  0  1  1  1  1  1  1  0  0  0  1  1  0  1  1  1  1  1  0  1  1  0  1  0  0  0  0  0  0  0  1  1  0  0  0  
401       00001168h B0BC0000h DEADBEEFh 0h 0h 0 1 0 0 1 0  0  0  1  1  1  1  1  1  1  0  0  1  1  0  1  1  1  1  1  0  0  1  0  1  0  0  0  0  0  0  0  1  1  0  0  0  
402       00001168h 004066E0h DEADBEEFh 0h 0h 0 1 0 0 1 0  0  0  1  1  1  1  1  1  1  0  0  1  1  0  1  1  1  1  1  0  1  1  0  1  0  0  0  0  0  0  0  0  1  0  0  0  
403       00001168h 004066E0h DEADBEEFh 0h 0h 1 0 0 0 1 0  0  0  1  1  1  1  1  1  0  0  0  1  1  0  0  1  1  1  1  0  0  1  0  1  0  0  0  0  0  0  0  0  1  0  0  0  
404       00001168h 004066E0h DEADBEEFh 0h 0h 1 0 0 0 1 0  0  0  1  1  1  1  1  1  0  0  0  1  1  0  0  1  1  1  1  0  1  1  0  1  0  0  0  0  0  0  0  1  1  0  0  0  
405       0000116Ch 004066E0h DEADBEEFh 0h 0h 0 1 0 0 1 0  0  0  1  1  1  1  1  1  0  0  0  1  1  0  1  1  1  1  1  0  0  1  0  1  0  0  0  0  0  0  0  1  1  0  0  0  
406       0000116Ch 20790000h DEADBEEFh 0h 0h 0 1 0 0 1 0  0  0  1  1  1  1  1  1  0  0  0  1  1  0  1  1  1  1  1  0  1  1  0  1  0  0  0  0  0  0  0  0  1  0  0  0  
407       0000116Ch 20790000h DEADBEEFh 0h 0h 1 0 0 1 1 0  0  0  1  1  1  1  1  1  0  0  0  1  1  0  0  1  1  1  1  0  0  1  0  1  0  0  0  0  0  0  0  0  1  0  0  0  
408       0000116Ch 20790000h DEADBEEFh 0h 0h 1 0 0 1 1 0  0  0  1  1  1  1  1  1  0  0  0  1  1  0  0  1  1  1  1  0  1  1  0  1  0  0  0  0  0  0  0  1  1  0  0  0  
409       0000116Ch 20790000h DEADBEEFh 0h 0h 1 1 1 1 1 0  0  0  1  1  1  1  1  1  0  0  0  1  1  0  1  1  1  1  1  0  0  1  0  1  0  0  0  0  0  0  0  1  1  0  0  0  
410       0000116Ch 20790000h DEADBEEFh 0h 0h 1 1 1 1 1 0  0  0  1  1  1  1  1  1  0  0  0  1  1  0  1  1  1  1  1  0  1  1  0  1  0  0  0  0  0  0  0  1  1  0  0  0  
411       0000116Ch 20790000h DEADBEEFh 0h 0h 1 1 1 0 1 0  0  0  1  1  1  1  1  1  0  0  0  1  1  0  1  1  1  1  1  0  0  1  0  1  0  0  0  0  0  0  0  1  1  0  0  0  
412       0000116Ch 20790000h DEADBEEFh 0h 0h 1 1 1 0 1 0  0  0  1  1  1  1  1  1  0  0  0  1  1  0  1  1  1  1  1  0  1  1  0  1  0  0  0  0  0  0  0  1  1  0  0  0  
413       00001170h 20790000h DEADBEEFh 0h 0h 0 1 0 0 1 0  0  0  1  1  1  1  1  1  1  0  0  1  1  0  1  1  1  1  1  0  0  1  0  1  0  0  0  0  0  0  0  1  1  0  0  0  
414       00001170h 21287000h DEADBEEFh 0h 0h 0 1 0 0 1 0  0  0  1  1  1  1  1  1  1  0  0  1  1  0  1  1  1  1  1  0  1  1  0  1  0  0  0  0  0  0  0  0  1  0  0  0  
415       00001170h 21287000h DEADBEEFh 0h 0h 1 0 0 0 1 0  0  0  1  1  1  1  1  1  0  0  0  1  1  0  0  1  1  1  1  0  0  1  0  1  0  0  0  0  0  0  0  0  1  0  0  0  
416       00001170h 21287000h DEADBEEFh 0h 0h 1 0 0 0 1 0  0  0  1  1  1  1  1  1  0  0  0  1  1  0  0  1  1  1  1  0  1  1  0  1  0  0  0  0  0  0  0  1  1  0  0  0  
417       00001170h 21287000h DEADBEEFh 0h 0h 1 1 1 1 1 0  0  0  1  1  1  1  1  1  0  0  0  1  1  0  1  1  1  1  1  0  0  1  0  1  0  0  0  0  0  0  0  1  1  0  0  0  
418       00001170h 21287000h DEADBEEFh 0h 0h 1 1 1 1 1 0  0  0  1  1  1  1  1  1  0  0  0  1  1  0  1  1  1  1  1  0  1  1  0  1  0  0  0  0  0  0  0  1  1  0  0  0  
419       00001170h 21287000h DEADBEEFh 0h 0h 1 1 1 0 1 0  0  0  1  1  1  1  1  1  0  0  0  1  1  0  1  1  1  1  1  0  0  1  0  1  0  0  0  0  0  0  0  1  1  0  0  0  
420       00001170h 21287000h DEADBEEFh 0h 0h 1 1 1 0 1 0  0  0  1  1  1  1  1  1  0  0  0  1  1  0  1  1  1  1  1  0  1  1  0  1  0  0  0  0  0  0  0  1  1  0  0  0  
421       00001148h 21287000h DEADBEEFh 0h 0h 0 1 0 0 1 0  0  0  1  1  1  1  1  1  0  0  0  1  1  0  1  1  1  1  1  0  0  1  0  1  0  0  0  0  0  0  0  1  1  0  0  0  
422       00001148h 4E754E71h DEADBEEFh 0h 0h 0 1 0 0 1 0  0  0  1  1  1  1  1  1  0  0  0  1  1  0  1  1  1  1  1  0  1  1  0  1  0  0  0  0  0  0  0  0  1  0  0  0  
423       00001148h 4E754E71h DEADBEEFh 0h 0h 1 0 0 0 1 0  0  0  1  1  1  1  1  1  0  0  0  1  1  0  0  1  1  1  1  0  0  1  0  1  0  0  0  0  0  0  0  0  1  0  0  0  
424       00001148h 4E754E71h DEADBEEFh 0h 0h 1 0 0 0 1 0  0  0  1  1  1  1  1  1  0  0  0  1  1  0  0  1  1  1  1  0  1  1  0  1  0  0  0  0  0  0  0  1  1  0  0  0  
425       0000114Ch 4E754E71h DEADBEEFh 0h 0h 0 1 0 0 1 0  0  0  1  1  1  1  1  1  1  1  0  1  1  0  1  1  1  1  1  0  0  1  0  1  0  0  0  0  0  0  0  1  1  0  0  0  
426       0000114Ch 20790000h DEADBEEFh 0h 0h 0 1 0 0 1 0  0  0  1  1  1  1  1  1  1  1  0  1  1  0  1  1  1  1  1  0  1  1  0  1  0  0  0  0  0  0  0  0  1  0  0  0  
427       0000114Ch 20790000h DEADBEEFh 0h 0h 1 0 0 1 1 0  0  0  1  1  1  1  1  1  0  0  0  1  1  0  0  1  1  1  1  0  0  1  0  1  0  0  0  0  0  0  0  0  1  0  0  0  
428       0000114Ch 20790000h DEADBEEFh 0h 0h 1 0 0 1 1 0  0  0  1  1  1  1  1  1  0  0  0  1  1  0  0  1  1  1  1  0  1  1  0  1  0  0  0  0  0  0  0  1  1  0  0  0  
429       0000114Ch 20790000h DEADBEEFh 0h 0h 1 1 1 1 1 0  0  0  1  1  1  1  1  1  0  0  0  1  1  0  1  1  1  1  1  0  0  1  0  1  0  0  0  0  0  0  0  1  1  0  0  0  
430       0000114Ch 20790000h DEADBEEFh 0h 0h 1 1 1 1 1 0  0  0  1  1  1  1  1  1  0  0  0  1  1  0  1  1  1  1  1  0  1  1  0  1  0  0  0  0  0  0  0  1  1  0  0  0  
431       0000114Ch 20790000h DEADBEEFh 0h 0h 1 1 1 0 1 0  0  0  1  1  1  1  1  1  0  0  0  1  1  0  1  1  1  1  1  0  0  1  0  1  0  0  0  0  0  0  0  1  1  0  0  0  
432       0000114Ch 20790000h DEADBEEFh 0h 0h 1 1 1 0 1 0  0  0  1  1  1  1  1  1  0  0  0  1  1  0  1  1  1  1  1  0  1  1  0  1  0  0  0  0  0  0  0  1  1  0  0  0  
433       00001150h 20790000h DEADBEEFh 0h 0h 0 1 0 0 1 0  0  0  1  1  1  1  1  1  0  0  0  1  1  0  1  1  1  1  1  0  0  1  0  1  0  0  0  0  0  0  0  1  1  0  0  0  
434       00001150h 21287000h DEADBEEFh 0h 0h 0 1 0 0 1 0  0  0  1  1  1  1  1  1  0  0  0  1  1  0  1  1  1  1  1  0  1  1  0  1  0  0  0  0  0  0  0  0  1  0  0  0  
435       00001150h 21287000h DEADBEEFh 0h 0h 1 0 0 0 1 0  0  0  1  1  1  1  1  1  0  0  0  1  1  0  0  1  1  1  1  0  0  1  0  1  0  0  0  0  0  0  0  0  1  0  0  0  
436       00001150h 21287000h DEADBEEFh 0h 0h 1 0 0 0 1 0  0  0  1  1  1  1  1  1  0  0  0  1  1  0  0  1  1  1  1  0  1  1  0  1  0  0  0  0  0  0  0  1  1  0  0  0  
437       00001154h 21287000h DEADBEEFh 0h 0h 0 1 0 0 1 0  0  0  1  1  1  1  1  1  0  0  0  1  1  0  1  1  1  1  1  0  0  1  0  1  0  0  0  0  0  0  0  1  1  0  0  0  
438       00001154h 1010C03Ch DEADBEEFh 0h 0h 0 1 0 0 1 0  0  0  1  1  1  1  1  1  0  0  0  1  1  0  1  1  1  1  1  0  1  1  0  1  0  0  0  0  0  0  0  0  1  0  0  0  
439       00001154h 1010C03Ch DEADBEEFh 0h 0h 1 0 0 1 1 0  0  0  1  1  1  1  1  1  0  0  0  1  1  0  0  1  1  1  1  0  0  1  0  1  0  0  0  0  0  0  0  0  1  0  0  0  
440       00001154h 1010C03Ch DEADBEEFh 0h 0h 1 0 0 1 1 0  0  0  1  1  1  1  1  1  0  0  0  1  1  0  0  1  1  1  1  0  1  1  0  1  0  0  0  0  0  0  0  1  1  0  0  0  
441       00001154h 1010C03Ch DEADBEEFh 0h 0h 1 1 1 1 1 0  0  0  1  1  1  1  1  1  0  0  0  1  1  0  1  1  1  1  1  0  0  1  0  1  0  0  0  0  0  0  0  1  1  0  0  0  
442       00001154h 1010C03Ch DEADBEEFh 0h 0h 1 1 1 1 1 0  0  0  1  1  1  1  1  1  0  0  0  1  1  0  1  1  1  1  1  0  1  1  0  1  0  0  0  0  0  0  0  1  1  0  0  0  
443       00001154h 1010C03Ch DEADBEEFh 0h 0h 1 1 1 0 1 0  0  0  1  1  1  1  1  1  0  0  0  1  1  0  1  1  1  1  1  0  0  1  0  1  0  0  0  0  0  0  0  1  1  0  0  0  
444       00001154h 1010C03Ch DEADBEEFh 0h 0h 1 1 1 0 1 0  0  0  1  1  1  1  1  1  0  0  0  1  1  0  1  1  1  1  1  0  1  1  0  1  0  0  0  0  0  0  0  1  1  0  0  0  
445       00002128h 1010C03Ch DEADBEEFh 0h 0h 0 1 0 0 1 0  0  1  0  1  1  1  1  1  0  0  0  1  1  0  1  1  1  1  1  0  0  1  0  1  0  0  0  0  0  0  0  1  1  0  0  0  
446       00002128h FEC0040Eh DEADBEEFh 0h 0h 0 1 0 0 1 0  0  1  0  1  1  1  1  1  0  0  0  1  1  0  1  1  1  1  1  0  1  1  0  1  0  0  0  0  0  0  0  0  1  0  0  0  
447       00002128h FEC0040Eh DEADBEEFh 0h 0h 1 0 0 0 1 0  0  1  0  1  1  1  1  1  0  0  0  1  1  0  0  1  1  1  1  0  0  1  0  1  0  0  0  0  0  0  0  0  1  0  0  0  
